0.086575
1.128094
0.865781
0.176678
0.410435
0.358147
0.632630
0.932752
0.059137
0.017254
1.083875
0.340191
0.861997
0.001265
0.353691
0.767089
0.155855
1.743214
1.390178
0.018641
0.015465
0.467762
1.679598
0.287988
0.146467
0.329030
0.017682
0.150380
0.345632
0.410884
0.159227
0.157494
0.148140
0.369271
0.205310
0.013034
1.090534
0.487773
0.616827
0.123408
2.939194
1.179439
0.077307
0.242705
0.766969
0.745195
1.653468
0.329020
1.063300
0.665753
0.216899
0.531429
1.284683
1.123251
0.422263
0.533501
0.021082
0.166829
0.957926
0.320983
0.113976
0.477505
0.728496
0.673410
0.281717
0.346780
0.426086
0.904244
0.441556
0.299788
0.403646
0.018013
0.026677
0.729186
2.451387
0.539636
0.300129
0.112050
0.418581
2.412990
0.883172
0.465419
1.180911
0.158517
0.432646
1.827804
0.517358
0.368748
0.188235
0.476439
1.889558
0.003435
0.918529
1.030501
1.303880
0.809407
0.993729
0.438732
0.494443
0.333170
0.034656
1.224179
0.506381
0.133766
0.421580
0.398066
0.264770
0.254860
0.463936
0.586086
0.568750
0.367656
0.017024
0.156511
0.117033
0.526907
1.184007
0.960998
0.957018
1.017120
0.176859
1.106128
0.670885
0.052142
0.010099
0.008800
0.845337
0.172257
0.069576
0.588181
0.253344
0.043230
0.104345
0.449679
0.110458
0.191227
0.746023
0.363853
0.233166
0.385211
0.014351
0.293201
0.327787
0.124982
0.069086
1.380463
0.428152
0.140743
0.558308
1.019092
0.012623
0.010816
0.095019
0.761289
0.104775
0.731666
0.680250
0.472082
0.149538
2.227768
0.959131
0.436146
0.151540
0.627338
0.301415
0.514595
0.232498
0.598090
0.036350
0.212811
2.063401
1.250235
0.219504
1.173334
0.222954
1.680973
0.817177
0.322890
0.174499
0.005110
1.265782
0.023192
1.026929
1.965286
0.506774
0.112895
1.213978
2.184631
0.730484
0.426632
0.284859
0.255643
0.138223
0.672796
0.340385
0.129491
0.066173
0.657892
0.210648
0.415648
0.236133
1.231663
1.379624
0.010955
0.134526
0.238267
2.607983
0.915887
0.248488
0.143739
0.673353
1.090989
1.614605
0.252819
1.284245
0.697143
0.397569
2.540505
0.160446
0.775606
0.053089
0.111577
1.451389
0.143692
0.854064
0.550088
1.103810
0.275422
0.249569
0.206522
1.212341
0.555778
1.851492
1.309630
0.087255
0.480667
0.066073
0.023955
0.045606
1.206704
0.931031
1.057924
0.250126
0.572997
0.913691
0.284927
0.507474
0.151941
0.051167
0.186140
1.328569
0.498683
1.554698
0.367238
0.194759
0.927919
1.055348
0.007475
0.665946
0.057697
0.073370
1.298007
0.024508
0.164373
2.661687
0.327886
0.073679
0.109909
0.165784
0.817562
0.065109
1.449885
0.285157
2.109239
1.439608
0.208904
0.175344
0.388916
0.063302
0.633418
0.024256
0.006337
2.430207
0.210203
0.544652
0.358533
0.225498
0.039021
1.467818
2.100212
2.099879
0.070839
0.145391
0.577098
2.345802
0.469729
0.699216
0.650532
0.179922
0.468011
0.220313
0.169721
0.050922
0.197758
2.458171
0.356418
0.633350
0.618796
1.695437
0.297049
0.219848
0.237821
0.228524
1.126919
1.343768
0.216418
0.244180
0.471454
0.519053
0.543749
0.168700
0.012351
0.167637
0.045046
0.480713
0.044134
0.046861
0.605343
0.206189
0.942664
0.407856
1.191129
0.100469
0.417606
0.950799
0.048145
1.788246
0.114146
0.898226
2.515672
1.034069
0.231207
0.067819
0.433370
1.510634
0.208450
1.345226
0.091667
1.447987
0.019365
0.227939
1.400373
0.977345
1.426086
1.102249
0.822690
0.701927
0.117722
0.340055
0.103112
0.752790
0.661172
0.174682
0.039949
1.984393
0.990946
0.478132
0.467717
1.143465
0.362324
0.302221
0.248101
0.179019
0.014827
0.623819
0.323416
0.507225
0.038609
0.263050
0.089298
0.080207
0.179944
1.059425
0.304297
0.307579
0.568738
0.159576
0.004503
0.451358
0.416969
0.627907
0.346091
0.695999
0.788768
0.163380
0.410004
0.391004
0.152983
0.318868
0.493144
1.424703
1.498479
0.193137
0.623779
0.029639
0.044544
0.430085
1.259415
0.104232
0.871532
1.287398
0.224207
0.707679
1.134250
0.278761
0.724955
0.800035
0.541696
1.163921
1.361516
1.932509
0.508105
0.116352
0.173086
0.147248
0.505709
0.850671
0.032125
0.686737
0.757710
0.256609
0.434233
0.108049
0.785369
0.024936
2.385011
0.989980
0.594041
0.186797
1.464163
1.922967
0.089884
0.897016
1.106834
0.646787
0.723200
0.353336
1.548648
2.128585
0.289103
0.973853
0.340355
0.108018
0.236241
0.081032
1.437378
1.922748
0.076146
0.550794
0.314776
0.075399
0.210139
0.171184
0.830762
0.002410
0.126313
0.346578
0.012755
0.592554
0.558276
1.082296
0.138861
0.201100
0.468976
0.191484
0.528754
0.173315
0.690311
0.939513
0.992205
2.181001
0.472972
0.404960
1.161507
0.879378
0.507142
0.289981
0.200485
0.068667
0.988749
0.075387
0.825249
0.472853
2.010508
0.858940
2.178814
0.088122
0.416334
0.509990
0.223727
0.419538
0.264797
0.450967
0.000507
0.350376
0.358214
0.218133
0.305898
0.916956
0.690094
0.406718
0.625909
0.284463
0.136829
0.002330
0.195123
0.547027
1.280531
1.061135
0.429187
2.606522
0.371471
1.079609
0.315528
0.819027
2.633633
0.218597
0.112024
0.580604
0.454235
0.267231
0.002115
0.295755
0.332939
0.311771
1.185029
0.526860
0.794174
1.369135
0.828840
0.407194
0.821706
0.613583
0.627746
0.596025
0.313535
0.595356
0.602635
1.659897
0.915261
1.123527
0.875318
1.013497
0.558024
0.257962
0.184391
0.738642
1.242608
0.471482
0.098974
1.073768
0.397621
0.377656
0.027870
0.428354
0.819302
0.329530
0.263268
0.641741
0.011963
0.424547
1.752677
0.703577
0.308422
0.700600
0.557312
0.140590
0.139695
1.303067
0.188062
0.046702
1.065570
0.444392
0.275517
0.429873
0.800735
0.110753
0.635174
0.749878
1.012451
0.188630
0.564452
0.158468
0.494015
0.113508
0.935725
1.209172
0.239967
0.150863
1.991026
0.735916
1.113942
0.018606
1.377922
0.584435
0.228343
0.339133
0.860266
0.923421
0.126359
0.589918
0.108647
2.168259
0.351735
1.466109
0.781719
0.559239
0.182274
0.448679
0.089532
0.089168
0.754740
0.268795
0.835089
0.165052
0.759845
0.760525
0.218734
0.067488
0.303511
0.406791
0.063199
0.124038
0.034160
0.546056
1.318266
0.146435
0.021198
0.730283
1.012150
1.996572
0.569876
0.251534
1.091609
0.075384
0.707835
0.060045
0.306201
0.409945
0.284787
0.110785
0.158159
1.029379
0.372581
0.520404
0.142884
0.753023
0.240392
0.540278
1.441357
3.110287
0.028392
0.958040
1.169418
0.231022
0.289875
0.520863
1.506801
0.306424
1.272309
0.852682
0.099118
1.469816
0.009178
0.094117
0.655837
0.035290
0.286328
0.083543
0.372931
1.099475
1.419215
0.021668
0.037669
1.101894
0.026255
0.191785
0.074955
0.057271
0.016807
0.608860
0.818988
0.696493
1.121014
0.652632
0.296285
0.598278
2.095885
0.615669
0.167108
0.037243
1.641555
0.535684
0.258114
0.557858
0.492940
0.443102
0.037639
0.261456
0.319281
0.133413
1.272685
0.331113
0.651511
0.750107
0.815869
0.766174
0.837101
0.173875
2.247999
0.098225
1.505377
1.156831
1.146992
0.032554
0.057390
1.006167
0.379984
0.277462
2.507450
0.024567
0.454887
0.351491
0.082319
0.301703
0.737877
1.283849
0.014957
0.446045
0.056835
0.966844
0.053814
0.020875
0.290935
0.791420
0.225433
0.083561
0.949596
0.986788
1.162181
0.217223
0.331854
0.168933
0.488752
0.240383
0.248095
0.918435
1.878192
0.526444
0.066350
0.634324
0.357190
2.655239
0.762455
1.080309
0.724962
0.460230
1.362759
1.068909
0.206616
0.102496
0.277556
0.441730
0.061472
0.254220
0.513267
0.026732
1.012273
0.631811
0.225821
0.212568
0.260890
0.236082
0.828220
0.417158
0.448091
0.096634
1.474968
0.236335
0.238109
0.042798
2.329816
0.392007
1.464314
1.575472
2.098998
1.014484
1.557717
1.532858
0.969780
0.086725
0.445039
0.514253
2.935514
0.919343
0.728245
0.823788
0.269253
1.711640
0.618854
0.309076
0.374813
2.339906
0.455737
0.110208
0.096351
0.697396
0.496385
1.423845
0.122446
0.317708
0.781084
0.030842
0.062698
0.473409
0.185326
0.067859
0.182041
0.600033
0.448407
0.049049
0.045359
1.140785
0.618413
0.114237
1.187580
0.013255
0.275419
1.128865
0.743301
0.200238
1.331396
0.546898
1.203685
1.339798
0.332495
0.675467
0.471785
1.737372
0.960170
0.776379
1.009310
3.778778
0.177881
0.134910
0.824105
0.882674
0.433278
0.400576
0.310250
1.285797
0.954464
0.527105
0.024568
1.142856
0.367996
0.126255
0.213452
0.705298
0.003313
0.076730
0.216284
1.309237
0.824289
2.119982
0.469881
0.509135
0.480943
0.447457
0.468585
1.024123
1.839290
0.314854
0.596495
0.220693
0.215645
0.423517
0.529522
0.479097
2.252491
0.106738
0.607457
3.125197
0.799391
0.500700
0.275664
0.308638
1.654247
1.354168
0.664609
1.374085
1.555471
1.123822
0.290137
0.374581
0.953509
0.279734
0.830252
0.393997
0.246173
0.365447
0.074325
0.262635
0.321886
0.010998
0.113299
0.180852
1.170667
0.534340
0.203086
3.651913
0.178979
0.432667
0.807137
0.705271
0.340970
0.900344
0.399079
0.754140
0.405628
2.134599
0.755649
0.057495
0.083192
2.037991
0.156218
0.015890
0.175194
0.392110
1.824043
0.305626
0.771339
1.078772
0.056034
0.567883
3.281372
0.478566
0.458768
0.255434
1.752435
2.095973
0.065333
0.482895
0.326453
0.668198
0.075778
0.185004
0.196064
0.392025
0.945842
1.170513
0.926257
0.677703
0.054738
0.296300
0.662842
0.209095
0.425345
1.412822
0.074086
1.153983
0.067115
0.293012
1.414791
0.134787
0.441311
0.323333
1.313271
2.901860
0.204306
0.406927
1.352306
0.472205
0.144956
0.855426
0.246669
0.399289
0.005159
2.704121
0.642509
1.560699
2.078200
0.186803
0.466617
0.348160
0.855908
1.108562
0.155698
0.192590
0.735039
0.318253
0.083696
0.130379
0.493748
0.547520
1.932400
0.456573
0.563399
0.096703
0.320459
0.196929
0.713298
0.186413
0.144785
0.275020
0.381549
0.247852
0.558435
0.119952
1.271710
0.710838
0.459125
0.035953
0.236721
0.702918
0.621491
1.002642
1.332650
0.227323
0.408412
0.240324
0.082126
0.090575
0.177807
0.055288
0.464387
0.728257
0.496793
0.692665
0.153902
0.133440
0.503008
1.293978
0.329184
0.002547
0.012153
0.218569
0.573291
0.053014
0.152556
0.684957
2.519501
0.250285
0.551485
0.438422
0.014038
0.240138
0.090104
0.173267
0.881756
0.685920
0.025133
0.048320
0.774436
0.065360
0.228774
0.188282
0.030629
0.019000
0.089821
0.305823
1.628191
0.610294
0.166291
0.682994
0.191820
0.434458
0.233012
1.781699
0.260655
0.976448
0.614982
1.112151
0.559087
1.225912
0.311681
0.681794
0.581557
0.450127
0.498674
0.460415
0.300298
1.371551
0.600994
0.477937
0.033269
0.426210
0.115530
0.145261
0.342146
0.473738
0.172939
0.189595
0.453200
0.384599
0.309792
0.065724
0.280543
0.637521
0.471419
0.472149
1.114040
0.770596
0.692328
0.018531
0.221013
0.688201
0.101600
1.468380
0.091839
1.267781
0.146213
1.105540
1.131232
0.245200
1.316736
0.104446
1.134721
0.288502
0.347589
0.075243
0.551284
0.188626
0.659550
0.963829
0.555326
0.004931
1.826138
1.513051
0.617903
0.286344
0.495204
1.286386
0.369188
0.906348
0.547617
0.329199
1.626572
0.314986
0.558506
0.032848
0.381792
0.022879
0.730707
0.000354
0.025786
0.070680
0.090197
0.425662
0.264303
0.189569
2.467149
1.438137
0.638287
0.971957
1.027908
0.168760
0.991051
0.164513
0.495810
0.265636
0.103655
0.899959
1.488609
0.225863
1.270972
0.255024
0.642987
3.282118
0.887232
0.034366
0.342423
0.283255
0.208826
1.016134
0.348985
0.720866
0.604602
0.439128
0.034597
0.670742
1.331957
0.113390
0.617582
0.401002
0.250205
0.743608
2.218122
0.013142
1.365600
0.289964
1.076913
0.115213
0.756520
0.063014
0.245332
2.102111
0.641343
0.920943
0.371164
0.382250
0.407103
0.890094
0.770784
0.129230
0.348539
0.468563
0.508379
1.568498
1.098602
0.097428
0.283079
0.069228
0.015944
0.046508
0.121244
0.871658
0.660167
0.959309
0.204231
0.101414
2.147483
1.049306
1.760016
0.011379
0.303053
0.602742
0.799253
1.462704
0.462966
0.297358
0.003203
0.977366
2.415718
1.426686
0.651302
0.251564
0.163992
0.895045
1.643997
1.936237
0.115865
0.528196
0.431840
0.334567
0.949096
1.647287
0.773772
0.722996
0.703900
0.636022
0.461698
0.170944
0.907052
0.076082
0.619506
0.293622
0.492537
0.615389
0.391115
2.292600
0.164025
0.007346
1.864105
0.224387
0.195498
0.322260
0.542272
2.566149
0.737625
0.229917
0.459029
0.357270
0.417796
0.324367
0.110078
0.301996
0.295682
0.134426
1.018695
0.267764
0.098561
0.502036
1.117992
0.910009
0.583781
0.787911
0.245787
0.092388
0.176630
0.257873
0.196381
0.378398
0.096829
0.083738
0.174792
0.131270
0.970786
0.462739
0.132696
0.336448
1.233039
0.517099
0.484346
0.297876
0.130772
0.589146
0.048173
0.925600
0.035547
0.823074
0.289371
0.688199
0.536432
0.082989
0.463967
0.046237
0.165625
0.288439
0.201847
0.650399
2.598102
0.264837
1.094311
0.153012
0.741342
0.256369
0.459900
0.055653
1.053904
0.140549
0.373560
0.205744
0.997080
0.538768
0.572995
0.843283
0.176539
0.036008
1.058097
0.227532
1.003654
1.882923
0.595241
0.065415
1.154436
0.602136
0.169338
0.139819
0.425226
0.077769
1.418804
0.738318
1.026491
0.290530
1.539862
0.086291
0.755797
0.176304
0.002183
0.077308
0.135045
0.864692
0.284937
0.394704
0.570501
0.186907
0.610386
0.668062
1.525795
0.419338
1.159798
2.060574
0.878931
0.328071
0.190456
0.061706
1.066809
0.083281
0.491924
0.363006
0.027530
0.144737
1.038613
0.464171
1.549337
1.431410
0.059248
0.680140
0.026157
0.329601
0.349796
1.886160
0.542791
0.126433
0.427701
0.442672
0.131696
0.267520
1.259760
2.393049
0.899991
0.040005
1.417890
0.368002
1.077663
0.116719
0.095879
1.422919
0.201723
0.026406
0.417147
2.798217
1.082900
0.302806
2.983433
0.955756
1.107346
0.623256
0.300903
1.416826
0.381640
1.636727
0.482033
1.443818
0.389084
0.333934
0.533034
0.229029
0.097086
0.533983
1.142136
0.195252
1.201583
0.928241
0.896798
0.321820
4.013903
0.938903
0.514316
0.072291
0.511730
0.008691
1.394952
0.246314
0.275647
0.480283
0.608779
0.524409
0.398066
0.603656
1.126949
0.354581
0.415984
0.997535
0.002047
0.105120
0.235852
0.144431
1.358076
0.096254
0.068497
0.228933
0.426348
1.033836
3.262697
1.145798
0.563179
0.022996
0.039341
0.597746
1.028487
0.185149
2.088515
0.479621
0.511667
0.578378
0.046721
0.112078
1.651129
0.186607
0.052180
0.199130
0.777096
0.182945
0.141875
0.194715
0.392843
0.802615
0.215140
1.240553
2.234889
1.035638
0.046858
0.227404
1.560480
1.177035
0.085805
0.350279
0.271480
0.825734
0.017478
0.227420
0.831248
1.307532
0.024885
0.532554
0.653688
1.237748
0.331592
2.168256
0.131959
0.073140
0.083589
0.530183
0.078366
0.186036
0.131119
0.034129
1.968184
0.244714
1.994805
0.770750
0.148899
1.617792
0.005638
2.399033
0.019678
0.175266
0.481720
0.005532
0.868167
0.053072
1.019245
0.021441
0.450666
0.141006
0.204451
0.404577
0.278535
0.298529
0.635803
0.130328
0.120170
0.691956
0.211407
1.621436
0.333327
0.385497
0.014066
0.012523
0.066403
0.589503
0.655358
1.824407
0.339876
0.737924
0.252593
0.046169
0.327028
0.725641
0.978470
1.821727
1.070893
0.497537
0.479593
0.417204
0.389601
0.684583
0.514398
1.167626
0.358783
0.382259
1.070558
0.675534
0.445971
0.497307
0.983024
0.560951
0.179975
0.222850
0.556722
0.028159
0.367025
1.334857
0.158492
0.352361
0.721394
1.558204
0.714976
0.589828
0.290603
0.345068
0.616244
0.264332
0.921911
0.004935
0.835189
0.812986
0.219551
0.009044
0.247638
0.533769
0.927729
1.225825
0.140343
0.051163
0.076622
2.708556
0.622121
0.082431
0.704193
1.923544
0.561035
0.158826
1.968284
0.723491
0.121258
0.872020
0.420919
0.512050
0.273222
0.208673
0.327288
0.448438
0.371317
1.207140
0.046262
0.133129
1.663603
0.561679
0.576663
0.596146
0.167428
0.301198
0.141546
0.098913
2.734529
0.817111
1.267860
0.000879
0.731393
0.220262
0.413386
0.674822
0.019010
0.277945
0.484321
1.244688
0.431950
0.229269
0.555442
0.525683
0.207431
0.476512
0.193880
0.006814
0.223269
0.054238
0.406236
0.417269
1.225158
0.826773
0.830286
2.742138
0.184468
0.279832
0.157253
0.064876
0.434447
0.429639
0.083368
1.534804
2.303917
0.042450
0.001906
0.038274
0.789458
1.148443
0.041074
0.005402
0.463245
0.242720
0.011349
0.005303
0.142467
0.133968
0.210044
0.479993
0.173714
0.159565
0.142002
1.308226
0.163551
0.486254
0.361582
0.241546
0.313294
0.009672
0.122776
0.613223
0.860000
0.147824
0.116537
1.416717
0.061738
0.950439
1.262496
0.094904
1.073765
0.097551
0.026438
0.202320
0.253252
0.534286
0.350599
0.946348
0.655757
0.076151
0.135665
0.822638
0.073935
1.829928
1.001385
0.148951
0.202217
0.174312
0.329786
0.171522
0.019677
0.174025
0.129998
0.258400
0.363373
1.244373
0.646503
0.573459
1.199399
0.293178
0.333174
0.168221
1.063888
1.259105
1.450319
0.557210
0.072513
0.045008
0.958311
1.300130
0.455917
1.521221
1.602218
0.843289
0.277740
0.365661
0.260211
0.302558
0.382418
0.010355
0.081729
0.110365
0.501954
1.231607
0.745619
0.097155
0.367144
0.592196
0.087148
0.049826
0.568109
0.161064
0.621480
0.112914
1.162370
0.222412
0.335546
0.479060
1.304768
1.488865
1.117795
0.692188
0.043019
0.124059
0.458923
2.524946
0.777097
0.127666
0.264031
1.969486
0.425256
1.225603
1.171136
0.913313
0.591773
0.657687
0.251201
0.076983
1.780413
0.019905
0.189554
0.570989
2.010275
0.141561
0.170190
1.129962
0.237665
0.309458
0.267529
0.030431
1.706548
0.717862
0.004110
0.061316
0.087331
0.276162
1.326124
0.091094
0.155322
0.223895
0.428861
1.388125
0.465210
1.403266
0.468436
0.339511
1.230926
0.521695
0.386588
0.431019
0.263689
0.340545
0.046231
0.137811
0.863808
0.086034
0.140105
0.107184
0.270480
0.030327
0.268081
0.564495
0.679875
1.212010
0.054663
0.619396
0.131128
0.251518
0.513582
1.091922
0.666305
2.531900
0.010867
0.227958
0.392775
0.022126
0.032276
0.274155
0.491442
0.087373
0.042450
0.230372
0.811767
0.502450
3.447575
0.557480
1.326527
0.510427
0.393418
0.322246
0.044505
0.038999
0.644481
1.176133
0.011539
0.119236
0.238023
0.225312
1.078170
0.174532
0.219355
0.401171
1.807205
0.209322
0.602589
0.029892
0.338789
1.572131
0.147084
0.264464
0.637041
0.500193
0.514858
0.562743
0.675072
0.233753
0.260056
0.303509
0.443310
0.502213
1.242719
0.302346
0.357882
1.072617
2.125828
0.166952
0.786557
0.170702
0.810835
0.023574
0.424504
0.506352
0.721567
1.493570
0.951126
0.496804
0.412508
0.007989
0.482669
0.495629
0.813114
0.108480
0.533003
0.031776
0.776557
1.034265
0.345513
0.698248
0.651377
0.217097
0.055430
0.851285
0.265038
0.105596
0.350260
1.073645
1.849905
0.502680
2.101069
0.114279
0.404498
0.005047
0.159918
1.255202
0.036738
0.637536
0.427449
2.632923
3.030528
0.078982
0.182347
2.854900
0.240236
0.119421
1.456704
0.576180
0.221038
0.484982
0.334548
0.367477
0.481943
0.111637
0.573648
1.862910
0.537951
0.929287
0.199219
0.100764
0.003876
2.388145
0.076061
0.286836
0.638045
0.795909
0.577609
0.347423
1.012225
0.350425
1.082191
0.033323
0.768103
0.061418
0.294183
0.351532
0.120526
0.357556
1.149963
0.022252
0.129342
2.228285
0.358666
0.296318
1.462678
0.897326
0.114350
0.546612
0.119367
0.896917
0.487744
0.961447
0.040279
1.578705
0.156672
1.137398
0.349605
1.318127
0.064312
0.033177
0.378992
1.599584
0.375645
0.424922
0.107614
0.467266
0.334339
1.313093
0.810443
0.389780
0.096774
0.094663
2.129434
0.566530
0.152914
0.999533
0.146101
0.363075
1.258202
0.065489
0.065187
0.032410
0.098715
0.281553
0.232851
0.197205
0.008558
0.400626
0.353672
0.810089
0.216665
0.522198
0.225380
0.839007
0.114802
0.403243
0.354114
0.368312
0.463462
0.460901
0.228184
1.042730
1.815547
0.491237
0.605531
0.771641
0.231228
0.538320
0.372597
0.397492
0.300662
0.461058
0.147644
0.165470
0.134007
0.541563
0.168884
0.910196
1.414231
0.855587
0.238749
1.714998
0.253216
0.269242
0.542734
0.648482
0.315400
0.926938
1.152542
0.204318
0.152628
0.303941
0.719607
0.664875
0.115880
0.295298
1.392810
1.929902
0.556146
0.908798
1.098812
0.150766
0.040891
0.567059
0.291379
0.744284
0.208611
0.341457
0.991066
0.058732
0.314389
0.099804
0.457645
0.791789
2.614390
0.840157
0.093467
0.344692
0.468779
0.609271
0.724071
2.174014
1.710536
0.140341
0.103459
2.104572
0.104984
2.069460
0.076589
0.527614
0.083476
0.086183
0.243730
0.947184
0.726929
0.228997
0.088466
0.266486
0.114806
0.160742
0.412240
0.402507
1.535356
0.056428
0.456716
0.499184
0.092429
0.268255
0.089010
1.344570
0.257125
0.040230
0.386815
0.451786
1.309412
0.761824
0.138507
1.433882
0.003042
0.716797
0.025843
1.027831
0.125987
0.957572
1.007334
0.885687
0.070021
0.306777
0.066423
0.760851
3.075794
0.443803
0.633271
0.659871
0.092392
0.278615
0.257452
0.833273
0.317991
0.275364
0.477770
0.138359
0.040513
0.163087
0.012641
0.664220
0.366124
0.575284
0.503255
0.033429
1.012685
1.025132
0.004569
0.337466
0.924295
0.322144
1.178755
0.712867
0.648398
1.417189
0.905639
0.527638
0.029074
0.363602
0.700273
0.444346
0.527305
0.257872
1.104035
0.168971
0.612223
0.344423
0.096622
0.011557
0.083502
0.203988
0.383610
0.016278
0.041698
0.954989
2.354290
0.338334
0.380687
0.553830
0.061132
0.464203
0.672548
1.732369
0.618292
0.472345
0.316704
1.457040
0.444583
0.389582
0.794048
0.345608
0.041772
0.537646
1.206012
0.276568
0.060672
0.067037
1.420801
0.070656
0.637139
0.054945
0.430918
1.452773
0.160313
0.220358
0.567061
0.511251
0.493246
0.298584
0.025052
0.542669
0.194414
0.581220
0.345631
0.187692
3.282033
0.232844
2.125266
0.389719
0.458162
0.187908
0.114560
0.734804
0.364781
0.527930
0.120972
0.427968
0.644972
0.855665
0.658953
0.320445
0.693579
0.545100
0.389368
0.597040
0.219483
0.039150
0.095985
2.160954
1.339325
1.052796
0.179993
1.095261
0.935130
0.467498
0.216570
0.067788
3.668238
4.022594
1.141926
0.354088
0.784802
1.448076
0.468516
0.080207
2.244588
0.462968
0.880832
0.584530
0.040180
0.371901
0.007228
0.185466
1.954817
0.705544
0.500400
0.071300
0.693568
0.557998
0.608777
0.699495
1.577788
0.355833
0.566509
0.452708
0.533532
0.682430
0.124926
0.034289
0.074204
0.026189
0.485935
0.218400
0.921285
0.105970
0.097640
1.204191
0.056370
0.261138
0.702807
0.496300
0.186219
0.086805
0.517285
0.171107
1.163143
0.184611
1.622710
0.013201
0.566380
0.199056
0.386172
0.344171
0.993610
0.122933
0.876095
0.020784
0.607581
1.041250
0.336650
1.134591
0.262901
0.263081
1.450380
2.787435
0.934067
0.156397
1.712145
0.272985
1.213445
0.233058
0.147264
0.178807
0.704518
2.334154
0.441573
0.068034
0.692573
1.372951
0.912635
0.001103
0.224542
0.899078
0.725079
3.325128
1.370760
0.960353
0.701837
0.287353
0.021379
0.877037
0.366455
1.201490
0.084786
1.167600
0.622116
1.303603
0.724947
0.343785
0.435429
0.062122
0.166628
0.513318
0.117449
0.266356
0.618312
0.541946
1.345602
0.340654
0.483983
0.328747
0.843589
0.589589
1.744081
0.091527
0.081632
0.207593
0.574666
0.610542
0.135062
0.189991
0.542951
0.184225
1.062783
0.067629
0.915663
0.099654
0.751481
0.914238
1.723267
1.394137
0.014875
0.649122
1.447566
0.882534
0.363280
0.832433
0.200521
0.974986
0.312870
2.122312
0.016972
0.524388
0.083520
0.871816
2.114065
0.406321
1.104551
0.159172
0.017128
0.975445
0.317133
0.052671
0.670229
1.388257
0.052504
0.566185
0.256270
0.026022
0.045624
0.027844
0.219779
0.220800
0.462603
0.581719
1.140018
1.163728
0.112616
0.592751
1.255681
0.172536
0.554305
2.667631
0.603710
0.725424
0.223324
2.937091
1.068319
0.233838
0.215547
0.002886
0.393686
1.240088
0.922030
0.095787
0.165988
0.105495
0.180368
0.135821
0.108188
0.483359
1.473775
1.156993
0.582653
0.228049
1.433845
0.142213
0.023670
0.146012
0.936572
0.723750
0.223335
0.148936
0.608435
0.429872
0.948208
0.354185
0.052265
0.043835
0.157523
0.444872
0.752622
0.487330
0.005893
1.834043
0.367672
0.466366
0.128071
0.167344
0.144616
0.559534
1.436017
0.184010
0.257965
0.203377
0.017709
0.006335
0.911139
2.277082
0.025988
0.048019
0.361057
0.217640
0.169922
1.223070
0.128709
0.129907
1.418890
0.585595
0.695098
0.662225
0.015676
2.288431
0.017512
0.154802
0.386862
1.090677
1.790892
0.005328
0.089370
0.009664
0.088491
1.470334
0.053105
0.464826
0.130030
0.004766
0.196862
0.179804
0.469568
1.241780
0.453129
0.457212
0.196224
0.119030
0.391537
0.300500
1.391945
0.140122
0.015582
0.031833
0.228893
0.148204
0.303401
1.273478
0.781545
0.539944
1.070063
1.267540
0.040284
0.701047
0.084322
0.317354
0.296196
0.190141
0.027238
0.129628
0.735252
1.892471
1.441905
0.013886
0.505781
0.126963
0.441472
0.457600
0.106318
0.055223
0.392843
0.032430
1.103526
1.317179
0.008981
0.968261
1.094669
0.024334
0.530814
0.386479
0.115582
1.024885
0.501247
1.003880
1.641103
2.101528
0.651927
1.237514
0.039330
0.247402
0.386431
0.430724
0.274912
1.018919
0.523831
1.124920
0.351192
1.706024
0.263903
2.994884
0.501274
0.284144
0.581544
0.067402
0.696699
0.549534
0.981441
0.047228
0.326304
0.529480
0.037655
0.862852
1.384030
0.589609
0.866764
1.734024
0.363806
0.430345
1.314577
0.677625
0.194353
0.534100
0.875050
1.115435
0.083415
0.109714
0.697818
0.755227
0.784584
0.403144
0.290446
1.937677
0.176414
0.202767
0.015069
0.052946
0.588923
0.652082
0.148239
0.808447
0.112114
0.279102
0.607589
0.901246
0.361796
0.991277
0.383254
0.654227
1.075685
0.496272
0.496043
1.621138
0.020771
0.011352
0.022246
0.223451
0.462812
0.577216
0.686266
0.010311
1.242333
0.162718
2.054516
0.254635
1.117753
0.748266
0.013908
0.430542
0.300234
3.011025
0.158362
0.301530
0.114865
0.002820
0.463830
0.580678
0.106442
1.090344
0.150705
1.662177
0.671415
2.129680
0.345628
1.093542
0.557665
0.753096
0.317118
0.429705
0.190364
0.246587
1.558561
0.048921
1.070862
0.831716
0.106043
0.337869
1.082166
0.426565
0.425329
0.420441
0.113187
2.807656
0.827813
0.201764
0.255998
0.737848
1.224675
0.481106
0.202422
0.266679
0.472086
1.304708
0.730286
0.153356
0.012159
0.642789
0.183346
1.255560
0.104935
3.359342
0.967955
0.174503
0.009501
1.031330
0.070268
0.098970
0.291058
0.113665
0.059768
0.478047
0.638143
0.923159
0.035785
0.031593
0.383588
0.812181
0.139815
0.543053
0.070279
1.373524
1.240703
1.652656
0.295668
0.051738
1.020716
0.349378
0.258002
0.334526
0.741035
0.781321
0.343441
0.185985
0.098115
0.032575
1.965543
2.051832
0.041788
0.539380
2.170401
0.514664
2.117397
0.094210
0.762367
1.104376
0.073022
0.137147
1.758705
0.159275
0.575088
1.456623
0.745451
0.889825
0.213189
1.136462
0.089310
0.306451
0.403017
0.730272
0.020809
0.046906
0.275436
0.101514
1.442550
0.351830
0.533853
0.333223
1.176524
1.558870
1.383580
0.050766
0.566346
0.900246
1.497247
0.487371
0.380835
0.116273
0.004917
0.014624
0.195915
0.764432
0.308757
0.468360
0.189926
2.173835
1.518071
0.183931
0.290996
0.066818
0.301805
0.165778
0.778148
0.224997
0.694801
0.016145
0.736079
0.608556
0.205841
0.884532
1.197880
1.417274
0.711452
0.346946
0.527416
0.861381
0.227667
1.289241
0.926959
0.711164
0.853782
0.031529
1.005981
0.355036
0.695918
0.631113
0.330505
0.798526
1.169955
3.115316
0.010597
1.478449
0.895168
0.543283
0.861922
0.256846
0.311015
0.024872
1.582027
0.988015
0.435932
0.568989
1.042004
0.109050
0.506760
0.770397
0.524476
2.256305
0.177683
0.682440
0.906008
0.297360
1.690605
0.318642
0.095018
0.112080
0.299656
2.603558
1.478471
1.379180
0.652914
0.419898
0.616905
0.557586
1.857042
0.299464
0.298377
0.783879
0.977109
0.806690
0.104317
0.602380
0.187869
0.192263
0.176984
0.005316
0.076422
0.668489
0.953542
0.067811
1.759067
0.376222
0.915219
0.025447
0.049985
1.010967
0.060898
0.022898
0.643000
0.026886
0.321627
1.012899
0.072653
1.109475
1.445577
2.214785
0.571375
1.033362
0.104064
0.512162
1.249548
1.203844
0.112952
1.058664
0.304549
0.431051
0.957472
0.662030
0.236695
1.162620
1.602202
0.991872
0.030648
0.009174
0.514087
0.062834
0.054692
1.229745
0.029246
0.198078
0.218300
1.617751
1.759418
0.921099
0.368196
0.074817
1.991341
0.151752
0.614932
0.904349
0.427651
1.300327
1.677289
0.273458
0.741481
0.059497
0.338239
0.669163
0.192772
0.280305
0.854939
0.142220
1.533196
0.091101
0.151367
0.571765
0.156874
1.099393
0.266675
0.081659
0.663448
0.334580
0.586749
0.071227
0.032685
0.210019
0.434356
0.133189
0.140077
1.085314
0.166277
0.255724
1.230143
3.699612
0.887679
0.090864
0.868119
0.056870
0.964219
0.193787
0.148498
0.333217
0.092035
0.659531
1.039401
0.658619
0.957993
0.105519
0.190921
1.089870
0.237184
0.824478
0.502048
0.097041
0.150102
1.540539
1.393244
0.543747
0.009644
0.010153
1.665846
0.961643
0.718138
0.180311
1.436058
0.045523
0.698911
0.699222
0.277521
1.005064
0.126106
1.965624
1.620907
0.248451
0.240089
0.950528
0.252095
0.532819
0.704871
1.742894
0.841420
0.193662
0.261487
0.046801
0.978773
1.117415
0.151417
0.383210
0.254911
0.199454
0.017819
0.541898
1.803299
0.112557
0.841925
0.889735
0.460033
1.130538
0.330264
0.582422
0.042266
0.099434
0.530631
1.107938
0.385640
1.627171
0.408438
0.316722
0.918433
1.520300
1.387516
0.646424
0.145204
0.221596
0.489205
0.022113
0.212975
0.930604
0.173489
0.626804
0.217336
0.085884
0.243390
0.232433
0.195349
0.223154
1.505047
0.513051
0.412558
0.184061
0.205310
0.963620
0.243897
0.096833
0.293893
0.671324
1.695455
1.073757
0.409780
0.110709
1.303302
0.024223
0.524569
2.135296
0.228732
0.444022
0.218717
0.322223
0.069119
0.576767
0.725220
0.083023
0.006278
0.165795
0.262473
0.342082
0.747643
0.440781
0.019932
0.011526
0.351735
0.110694
0.990794
0.822191
0.978258
0.575605
0.141019
0.942442
0.204899
0.108163
0.023802
0.296951
1.860414
0.691539
0.647260
0.286819
0.343783
1.442207
4.102953
0.243536
0.531855
0.400400
0.136267
0.429677
0.055882
0.954257
0.311144
0.637326
0.909238
0.161079
1.770241
2.603140
0.398530
0.044979
0.612172
0.680878
0.147670
0.902930
0.198700
0.180720
0.053496
0.578938
0.846352
0.711097
0.218716
0.211696
0.033257
0.115819
0.176156
0.140522
0.025835
0.305745
0.005990
0.419833
0.001642
0.288435
0.061092
0.106004
0.716049
0.045237
0.909645
0.684465
0.614355
0.454006
0.768457
0.149318
0.312670
0.010817
0.002543
0.322401
0.575646
2.019787
1.095460
0.032916
1.496109
0.302309
0.321071
0.104026
0.057626
0.360816
0.471695
1.147041
0.655463
0.127774
0.543553
1.031508
0.170538
0.207577
0.178865
2.148456
0.095486
0.600539
0.269344
0.774229
0.416224
0.148243
1.178315
0.462145
0.013324
0.147993
0.110877
0.233226
0.106618
0.621790
0.562650
0.294500
0.178652
0.605074
0.282498
0.876552
1.196848
0.762902
1.679352
0.215170
1.142829
0.312222
1.170823
0.576486
0.202618
0.197328
1.167008
0.396186
0.099392
0.520634
0.091539
0.037880
0.180836
0.895067
0.140051
1.194742
0.024656
0.246680
0.002571
0.698785
0.572938
0.920611
1.014399
1.430149
0.330612
0.274020
0.562759
0.399266
0.129088
0.339966
0.298133
1.318411
0.050615
0.778585
0.734495
1.471815
0.504202
0.733106
0.078818
1.241147
0.032000
0.561948
0.071733
0.156189
0.698044
0.290372
0.695269
0.149156
0.060452
0.255587
0.422819
0.995764
1.207664
0.285282
1.715397
0.497034
0.122174
0.420278
0.683416
0.863790
0.076359
2.156787
0.488507
0.002950
0.201672
1.070964
0.033573
0.224212
0.680716
0.081788
0.759375
0.534121
0.187539
0.997576
0.045450
0.128910
0.867371
0.552828
0.146462
0.299121
1.131506
0.114056
0.039968
0.414100
0.136826
0.688449
0.168245
0.125903
0.570825
1.925472
0.476871
2.032822
2.867038
0.835566
0.512099
0.279292
0.049291
0.450819
0.118552
0.502135
0.341015
0.488260
0.514394
0.492623
1.574783
0.484334
0.075020
1.294587
0.811888
0.275058
0.351932
0.495652
0.298309
0.664571
3.762394
0.032249
1.497154
2.765743
1.192578
0.373464
0.653050
0.377158
0.280291
0.101928
0.134622
0.389176
0.198912
0.139957
0.563477
0.199333
1.071383
0.055317
0.154466
0.331423
0.144630
1.088369
0.406597
0.038199
0.136899
0.719657
0.221756
0.213488
0.142009
0.007539
0.852018
0.236345
0.167823
0.066731
0.422390
0.805416
1.763351
1.618650
0.010438
0.411073
0.398491
0.478083
0.333614
1.575082
0.540739
0.343549
1.974169
0.437746
0.004892
0.591770
2.012959
0.635311
0.133685
1.093079
0.021847
1.126652
0.086927
1.104015
0.117958
0.094949
0.173913
0.420677
0.707098
0.430993
0.044162
1.763490
1.094205
0.274015
0.023022
0.315921
1.979391
1.846037
0.110958
0.131712
2.258998
0.248020
0.714521
1.586588
1.048575
0.978801
0.569072
0.989393
0.160907
1.406809
0.143751
0.078930
0.880931
2.854251
0.853797
0.585553
0.055915
0.450873
0.117998
0.466898
0.316335
0.090686
0.471174
0.940581
0.752715
0.090624
1.652485
1.612774
0.266555
2.284302
0.126804
0.306766
1.103160
0.053910
0.300849
0.005914
0.142629
0.264086
1.077536
0.588990
0.059809
0.955323
0.853745
0.219770
0.114181
0.796509
1.664232
0.148500
0.240260
0.242453
2.046148
0.031382
0.011260
0.120500
0.372394
2.026575
0.022456
0.958604
0.447197
1.325558
1.992864
0.759329
0.172534
1.447447
0.007161
2.650983
0.319951
0.188803
1.287405
0.414050
0.292410
0.218520
0.326026
0.171168
0.437816
0.343595
0.183901
0.003507
0.098602
0.911580
0.739846
1.544012
0.096908
1.566338
1.309626
0.258545
1.854035
2.474287
1.121017
0.488400
1.229071
0.100586
0.085456
0.089692
0.711976
1.933477
0.129637
0.088301
1.299762
1.263068
0.081629
0.020400
0.195637
0.191309
0.004466
0.094243
1.081629
0.039530
0.365496
0.756340
0.751228
0.222130
0.086097
0.333164
0.267781
0.356440
0.207505
0.386829
2.198648
0.004807
0.156769
1.134604
0.415260
0.919259
0.049476
2.757203
0.001507
0.925675
0.168981
0.746265
0.979974
0.795669
1.858177
0.150994
1.146860
0.576890
0.121515
0.147687
0.056969
1.396829
0.240625
0.255629
0.078063
0.975004
0.487462
0.137406
0.951516
0.461250
0.944080
0.734209
0.338695
0.264379
1.339943
0.119870
0.064305
1.174149
0.697731
1.560419
0.565972
4.332405
0.338743
0.039306
0.657897
0.173967
0.298600
0.275670
0.237044
0.436179
0.547731
0.043993
1.342292
0.256292
0.801949
0.255328
0.076275
0.239647
0.153146
0.217558
0.661869
0.680904
0.127552
0.733090
0.574323
0.106262
0.520586
0.035181
0.648370
0.185330
0.534055
1.665674
0.735185
0.490142
0.506207
0.170862
0.379258
0.033673
0.407369
2.068764
0.419559
0.817894
1.398084
0.500728
0.083445
2.770323
0.426668
0.335157
0.038824
0.770746
1.125984
0.455683
0.122822
0.735065
0.126088
0.255777
0.163738
0.449073
0.629318
0.490321
0.108348
0.160515
0.148805
0.428534
1.989325
0.639633
1.177177
0.056753
0.015011
0.471951
0.156505
0.242600
0.787775
0.059077
1.264408
0.319253
0.540570
0.026024
0.038492
0.671196
0.023134
0.607487
0.223847
0.214194
1.867670
1.193163
0.219869
0.291627
0.209434
0.076633
1.839777
0.631368
0.752068
0.330972
0.140346
0.597845
0.169122
1.468264
1.739853
2.064615
0.145123
0.210648
1.189930
0.375392
0.490266
0.750812
0.141753
0.372871
0.052332
0.018799
2.072123
0.768240
0.583522
0.137534
0.209960
1.512603
3.058992
0.617242
1.541832
0.301226
1.113917
0.781095
0.150105
1.528306
0.008516
0.187486
0.408121
1.669070
0.260366
0.069544
0.769179
0.665222
0.076636
0.701000
0.294671
0.327974
1.694689
1.071448
2.269387
0.726617
0.293165
0.280614
0.091693
0.042235
0.430156
0.104434
0.523587
0.143052
0.419194
1.370029
0.375665
1.550903
0.214827
0.086848
0.737196
0.341185
0.662747
0.518656
0.343332
0.270867
0.147435
2.848903
0.136379
0.370971
1.337539
1.016652
2.432963
0.585985
0.200900
1.215149
0.040855
1.711976
0.356227
0.687395
1.346946
0.438990
1.030213
1.094539
0.426833
1.452675
0.171215
0.102482
0.738792
1.042959
0.318383
0.018407
0.336529
0.153212
0.044776
0.108366
0.553105
0.286328
0.955911
0.148993
0.555525
0.187466
0.200292
0.097376
0.812958
0.198503
0.666238
0.699808
0.484684
0.651091
0.687226
0.061462
0.888524
0.438345
1.010907
0.070538
0.035543
0.624030
0.220250
2.518920
0.219380
0.359990
0.253089
0.491004
0.143423
1.936767
0.191993
1.511650
2.514163
0.247699
1.018383
1.360485
0.021765
2.120289
0.290416
0.248357
0.975933
0.109938
0.016619
2.068709
0.010674
0.609453
0.504846
0.327203
1.049814
1.016604
0.014762
0.577563
1.173337
0.295702
0.079777
0.512300
0.009972
0.290418
0.415034
0.145078
0.528338
1.055089
0.383248
0.468918
0.125914
0.005049
0.383074
0.173049
0.598657
0.063610
0.361466
0.435819
0.918736
0.032064
1.320136
0.100270
1.502555
1.002117
1.325956
1.558038
0.051841
0.269423
0.538559
0.241382
0.647750
1.225553
0.136529
0.229340
1.229727
0.240644
0.051073
0.824427
0.208223
0.525319
0.040850
0.499498
1.009015
0.352793
0.271608
0.880905
0.446830
0.386573
0.114945
0.681504
1.059591
0.000202
0.221319
0.632669
0.097520
1.173072
0.086585
0.167746
0.366881
0.089122
1.416001
0.423677
0.296161
0.565999
0.825560
0.471470
0.623573
0.686455
0.343784
0.197207
0.080382
0.652096
0.284907
1.839556
0.192410
0.915665
0.348052
0.101146
0.296889
0.592783
0.671342
0.256179
0.153646
0.101849
0.538998
0.683383
1.387932
0.403684
0.240995
0.961845
0.604924
0.774970
0.039980
1.040079
0.299924
0.666424
0.045564
0.000133
0.018306
0.046806
0.054822
1.185113
0.476955
0.038070
4.042996
0.338049
0.687322
0.651410
0.263491
1.048157
2.046333
0.316347
0.262482
0.329682
1.069248
0.418501
0.064264
0.006191
0.649210
0.096248
0.873377
0.549360
0.142273
0.042364
0.664636
0.104777
2.371668
0.432600
0.237658
0.978262
0.576890
0.644911
0.933352
0.361274
0.026918
0.104174
2.844489
0.586834
0.014457
0.096064
0.067683
0.177842
0.637127
1.572587
0.508830
0.414768
1.531463
0.084184
1.373843
0.617711
0.161483
0.875872
0.115364
0.537810
0.369840
0.068186
1.660555
0.130588
0.273044
0.607695
0.188924
0.059718
0.214305
0.283714
0.986747
0.472526
1.532568
0.090029
1.052642
2.553098
2.450801
0.213463
0.063511
0.866464
0.347939
0.612997
0.061740
1.995768
0.301870
2.020849
0.004633
0.208774
0.380188
0.276313
0.140917
2.355969
0.476616
1.656427
0.439105
0.925626
0.616065
0.088955
0.718921
0.826101
0.757067
0.405582
0.029918
1.063590
2.076222
0.041438
0.026129
0.339314
0.801278
0.358015
1.023149
1.272912
0.543133
0.574738
0.619655
0.278271
0.136580
1.446989
0.180291
1.051116
0.438003
0.806834
0.929168
1.287967
1.093354
0.238140
1.078676
1.220265
0.616225
0.132746
2.523250
0.962396
0.290902
0.216591
1.011176
0.646666
0.281443
1.424138
2.761490
0.680946
1.068600
0.544715
0.218263
0.961366
0.722866
1.277072
0.256563
1.675054
0.712140
0.832895
1.108937
0.364325
1.096292
1.329807
2.122491
0.548884
0.038228
0.165772
0.131846
0.090878
0.285492
0.531544
2.743373
0.051514
1.891884
0.475096
0.968794
1.055919
0.261822
0.727961
0.817484
0.239420
1.551271
1.281961
0.006634
1.156786
0.293484
1.893712
0.036142
1.110256
0.429975
0.194157
0.405956
1.078367
0.335503
0.364954
1.292340
1.101745
0.149216
0.429845
0.307450
0.127811
0.134943
0.071130
0.109813
0.328568
0.174940
0.775045
0.058435
0.164449
1.957157
0.507186
0.121937
1.032919
0.010235
0.218562
0.089474
0.318111
0.377681
1.487185
0.410592
1.376844
1.902338
0.027436
0.067233
0.997950
0.208980
0.373460
0.638186
0.334394
1.209379
0.016211
0.182689
0.038317
0.180153
2.561164
0.017471
0.470968
0.147766
0.811129
0.107407
0.817061
0.439863
1.975149
0.049583
0.444790
1.447276
0.441595
0.332850
1.542654
1.059094
0.913080
0.312762
0.238257
0.198771
2.183285
0.048505
0.087091
0.600615
1.289519
2.317194
0.563169
1.180977
0.271296
0.434657
0.878715
0.115277
0.727047
0.331653
0.027922
0.264097
0.810381
0.964460
0.692512
0.770957
0.277227
0.222714
0.305095
0.346057
0.236864
1.300248
0.723492
0.098579
0.085483
0.389807
0.608006
0.710364
0.334305
0.517101
0.557692
0.209025
0.982072
0.253556
0.084521
0.093971
0.626973
0.385821
1.118479
1.256782
0.158922
0.908640
0.688617
0.496168
3.255665
0.111769
0.326832
0.316477
0.188649
0.575643
1.161270
0.392133
0.050684
0.182857
0.762599
0.369023
0.028023
0.175086
0.453285
0.233175
0.138383
0.288051
0.070502
1.307449
0.232595
0.379816
0.441584
0.357726
1.528343
0.100632
0.408717
0.101675
0.037649
0.731476
0.244263
0.808802
0.401751
0.022586
0.050336
0.016230
0.514134
0.311252
0.206883
0.214210
0.339216
1.201342
1.333118
1.042131
0.821962
0.076983
0.278918
1.034376
0.136329
0.775229
0.069066
1.012113
0.179288
0.179050
2.005389
0.070195
1.380174
0.209651
0.196805
0.093594
0.035615
0.285705
0.352639
0.225290
0.004166
1.330293
1.108932
0.595203
0.087985
0.097490
0.398400
0.113125
0.198339
0.148503
0.880411
0.662080
0.139508
1.774680
0.555597
0.945516
0.667299
0.373556
0.380618
0.334341
0.042421
1.711500
0.253424
0.034286
0.065869
0.290266
0.752845
0.415739
0.241077
1.419106
0.042560
0.187439
1.291781
0.379323
0.375834
0.050096
0.545205
0.781632
1.093754
0.072254
0.508260
1.015435
1.336082
0.058680
0.093669
1.417924
0.289043
0.330697
0.792665
0.147729
0.095128
0.492317
0.576535
1.641097
0.064167
0.622059
0.079677
0.524802
0.618816
0.323491
0.301055
0.320508
1.037584
1.136789
0.359914
0.817859
0.343459
0.348559
0.584605
0.562269
0.366639
0.390178
1.187206
0.242119
0.591621
0.091276
2.282032
0.026701
0.909614
0.109259
0.645476
0.002714
0.237531
0.025241
0.328773
0.579085
0.010474
0.478385
0.308237
1.235802
0.301713
0.016729
0.164780
1.247277
0.399410
0.297091
0.226033
0.204190
0.089956
0.500967
0.090470
0.091414
0.094536
0.162258
1.347438
0.132667
0.018688
1.795104
0.403632
2.103611
0.929625
0.380577
0.335268
0.000296
0.326880
0.163537
0.285863
1.172187
0.578937
1.711841
0.878424
1.151191
0.069077
0.432000
1.037380
0.900241
1.026073
0.335660
0.083018
0.441739
0.503178
0.862218
0.274753
1.366440
1.255944
0.827957
0.819060
2.745746
0.057334
0.258336
0.349929
0.328776
0.676696
0.346989
0.283566
0.017155
0.029455
0.401631
0.233716
0.157612
0.011854
0.048119
0.118759
0.386767
0.157679
0.369353
0.810944
0.047153
0.593882
0.847853
1.409896
3.076574
0.124130
0.026692
0.627642
0.470854
1.416991
0.542770
1.036373
0.006674
0.381086
0.132725
0.120178
0.044881
1.747452
0.298166
0.956798
0.892313
0.990244
0.216059
0.876109
0.363714
1.636185
0.684780
1.368619
1.839566
0.265317
0.264769
0.001722
1.072739
0.576762
0.107784
0.584385
1.717570
1.559517
2.825693
0.246506
0.173075
0.001919
0.092885
0.178451
0.591417
0.003780
1.589354
0.626800
1.169152
0.200896
0.444743
1.471804
0.069766
0.048717
0.097253
0.136136
0.117744
0.019035
0.102375
0.347871
0.231937
0.355070
0.418265
0.737243
0.518555
2.121092
1.738098
1.374176
0.442763
0.167232
0.361110
0.405921
0.432882
1.684925
0.665952
1.649769
0.098142
0.612874
0.184822
0.011046
0.002565
0.277937
0.122063
0.237834
0.025952
0.017943
0.170765
0.774982
0.394932
0.768016
1.484423
0.415080
0.530879
0.133556
0.259684
0.828160
0.925121
0.093599
0.129310
0.371596
0.356697
0.571632
1.207274
0.170027
0.059959
0.055367
0.224585
0.277015
0.078097
1.069375
0.268112
0.172100
0.200094
1.290307
0.595079
0.994584
0.079809
0.109919
0.313087
0.374082
0.088106
0.131591
0.049614
0.045293
0.100301
0.167751
0.215257
0.552448
4.053625
0.511227
0.391168
0.292987
0.068995
0.647132
0.363398
0.645833
0.301210
0.143203
0.243423
0.097720
0.187548
1.826787
0.130800
0.546724
1.560888
0.308932
0.233111
0.068197
0.085346
1.580268
0.381364
0.235431
0.026468
0.741445
0.086418
0.414624
0.842794
0.973270
1.174362
0.178597
0.101797
0.075918
0.229451
0.250811
0.131225
0.077750
0.322304
0.327319
0.085656
1.029911
0.055821
0.295219
0.292571
0.300426
0.578021
0.435716
0.553086
0.790463
0.058728
2.019239
0.444513
0.842292
0.133549
0.384297
0.886028
0.229311
0.489048
1.235537
0.451013
0.445450
0.720613
1.527526
0.181080
2.198155
0.809394
0.299751
0.112162
0.180318
0.313292
0.735141
0.310517
0.033098
0.051089
1.681438
0.049714
1.398718
1.470976
0.566263
0.646355
1.152831
1.084429
0.748936
0.841331
1.534384
0.165906
0.316457
0.837720
0.690379
0.307582
3.548806
0.028510
0.124922
0.095816
0.248416
1.672876
2.855381
0.884280
0.327500
1.589464
0.242495
0.462074
0.758005
0.257781
0.737267
1.487590
0.258896
0.893243
0.044389
1.428381
0.378674
0.264839
1.906080
0.058172
0.434713
1.856759
0.284358
0.182989
0.367281
0.655807
0.183645
1.727937
1.482896
0.920440
0.449990
0.330715
0.161839
0.259562
0.376122
0.241546
0.439844
0.006984
0.985458
0.853988
0.927213
0.062537
0.191005
0.152143
0.499305
1.972134
0.265725
1.080171
0.023839
0.666864
0.295327
0.261549
0.650353
1.116962
1.626453
0.315352
0.426912
0.367802
0.032846
0.488355
0.814222
1.512593
0.143317
0.488795
0.952435
0.133908
0.196215
0.323877
0.684109
1.129589
0.207493
0.557168
1.955932
1.816634
1.047385
0.319588
0.722927
0.394205
0.433755
0.266921
2.930257
0.832355
0.470726
0.019051
0.234247
1.180457
0.057081
1.294703
0.349270
0.053678
0.381990
0.946635
0.030757
0.408951
0.701677
0.343700
0.209234
0.560850
0.471426
0.075995
1.338659
1.154946
0.458149
1.513431
0.576537
0.020439
1.705735
0.659084
0.098576
0.013234
0.836310
0.287660
0.085282
0.665576
0.485928
1.047717
0.553057
0.359173
0.238385
2.879618
1.815346
0.039721
2.856086
0.857242
0.174346
0.917350
0.629404
0.593952
1.231574
0.215778
1.018129
0.502142
0.284854
2.149678
0.047197
0.531572
1.110073
0.038774
1.178668
0.449078
0.483398
0.223545
0.876116
0.093103
0.398378
0.274954
0.475991
0.138679
0.468539
0.008538
0.589154
0.533727
0.093304
0.228029
0.349504
1.080441
2.869732
0.537628
0.920807
0.277509
1.404286
1.759313
2.993983
0.577221
0.052556
0.145798
0.151282
0.564374
0.256128
0.340749
0.869561
0.060624
0.017812
0.159506
0.623323
0.164704
1.579029
0.451726
0.477789
0.428130
0.038098
0.608351
0.529763
0.741680
0.243708
1.317158
0.330710
0.879885
0.000891
0.522243
1.594047
0.118060
0.001194
0.010148
0.273313
1.040213
0.147810
0.645320
0.968227
0.167416
1.334460
0.530128
0.322039
0.286332
0.112579
1.078858
1.019780
0.139761
0.035467
0.095645
0.299575
0.268084
1.656732
0.866490
0.110806
1.339150
1.944484
1.921794
0.415637
0.621570
1.426011
0.121088
3.603248
0.203767
0.258242
0.166521
0.731676
0.788910
0.155873
0.147352
3.148185
0.984910
0.187864
1.004125
0.729001
0.337533
1.696550
0.801075
0.197063
1.454726
0.267521
0.916599
0.404182
0.317496
0.135328
0.432364
0.452576
0.227496
0.158803
0.465595
0.330354
0.471147
0.859921
1.597828
0.431185
0.551186
0.059636
0.135863
0.297280
0.472713
0.142197
0.447351
0.821104
0.755231
1.151764
0.554754
0.837456
0.613139
0.066688
0.606345
0.679841
0.208846
0.952603
0.274870
1.160935
1.259221
0.328589
0.952328
0.169748
0.126666
1.158754
0.053604
0.687822
0.809936
0.406817
0.177395
0.020496
0.300480
0.308027
0.374479
0.137135
0.201630
0.158659
0.092592
0.246371
1.243553
1.237602
0.466341
0.677906
0.566073
0.523370
0.360249
0.672238
0.281125
0.225441
0.154728
0.300869
0.818754
0.023349
0.903168
0.963349
0.686026
0.646361
0.087960
0.259939
0.093197
0.416680
0.355438
0.305594
2.470982
0.323431
1.206095
0.230063
0.139045
0.292964
0.306426
0.428336
0.056703
0.608790
2.046948
0.071661
1.003483
0.286870
0.071114
0.885141
2.076375
0.776160
0.967857
1.116263
1.029103
0.377316
0.395757
0.051231
0.841797
1.420470
1.848379
1.771731
0.369219
0.844525
0.290439
1.136762
0.125536
0.037976
0.131412
0.197377
0.118086
0.412800
0.815088
0.450057
1.479683
0.101224
0.006121
0.220551
0.710523
0.122348
0.014548
0.204999
1.365059
0.201426
0.112333
0.212600
0.426326
0.950044
0.660282
1.204931
0.357121
0.142540
0.129684
0.032107
0.558655
0.238263
0.264445
0.289844
0.027084
0.301886
0.102643
0.100359
1.355952
0.119647
0.709085
0.370861
0.253744
2.116768
0.434707
1.527406
0.147300
0.470776
0.165805
0.967199
0.039190
0.164586
1.754390
0.459483
0.373896
0.244289
2.260098
2.164748
0.406161
0.401546
0.085413
0.332105
0.124267
0.493470
0.284637
1.241714
0.669587
0.975129
0.718161
0.167359
0.397156
0.249380
0.353437
0.049208
1.178736
2.028413
1.714321
0.102648
0.032636
0.383762
1.154440
0.564523
0.618799
0.026090
0.021233
1.639499
0.389281
0.368225
0.377563
0.336555
0.312315
0.065713
0.201193
0.156927
0.066886
0.336750
0.655032
1.419159
0.842374
0.955276
0.219688
0.598228
0.089675
0.225207
0.223849
0.530586
2.555383
0.021757
0.131392
0.374796
0.771423
1.101344
0.151149
0.002026
1.634972
0.070522
0.333579
0.174468
0.090503
0.722338
0.421594
0.281682
0.252398
1.421703
1.202319
0.032317
1.101012
0.107073
0.156400
0.392583
0.583496
0.473690
0.069569
2.351224
0.858553
0.569374
2.168674
3.652140
0.533767
0.342806
0.612053
0.811104
0.018914
0.720867
0.391522
0.549344
0.085253
0.027334
0.463350
0.215347
0.987371
2.092288
0.509320
1.527376
0.178360
0.257271
0.243078
0.272900
0.020700
0.334357
0.411802
2.170479
0.278545
0.175075
1.974166
0.846355
0.041010
0.180349
0.207759
0.890765
0.208528
1.540270
0.735787
1.209286
1.126344
0.670820
0.453548
1.442086
0.133213
0.508776
0.443996
0.202096
0.486200
0.153582
0.640102
0.094215
0.761648
0.598393
1.937267
0.601821
0.741391
0.558527
0.902967
0.659675
2.009638
1.296379
0.867453
0.031195
0.047734
0.920050
1.383159
0.124719
1.095427
0.002957
0.332960
0.169334
1.412313
0.071658
0.281326
1.113190
0.551067
1.157052
0.444594
0.059221
0.229949
0.599957
0.378312
3.257692
0.494891
0.340457
0.551744
0.282958
0.253150
0.208219
0.304876
1.931050
0.276480
1.107782
0.314209
0.335529
1.533718
0.704263
0.240829
0.091211
1.469877
0.225726
0.886621
1.298032
0.279734
0.270163
0.050092
0.836287
0.084782
0.621696
0.022149
0.091542
0.792045
0.184328
0.024843
0.081936
0.164608
2.466158
0.142043
0.102793
0.133217
0.279574
0.223653
0.540241
0.369865
0.512149
0.793703
0.591629
0.019288
0.091111
0.646837
0.431650
0.143373
1.371601
0.553918
0.445926
0.432453
1.477086
0.742120
0.790981
0.707398
0.491185
0.375930
0.519922
1.409288
0.499440
0.067447
0.214039
0.908138
0.162744
0.138089
0.118428
0.837629
0.839825
1.323167
0.601456
1.051673
0.157686
0.616567
0.401461
0.702859
1.419289
0.099865
2.029544
0.593819
0.074404
0.353196
0.667734
1.885047
0.982476
0.608813
0.884460
0.171997
1.369997
0.114281
0.563319
0.042394
1.173276
0.054290
1.069163
0.716187
0.440480
0.215711
0.672351
0.471984
0.610160
0.227359
0.095632
0.415901
0.722425
0.113720
0.895413
0.574357
0.000405
0.042977
0.465600
1.526834
0.029528
1.206120
0.626280
0.457915
0.369270
0.501989
2.276527
0.010688
0.263937
0.050266
0.039923
0.116958
0.511344
0.516283
0.129140
0.664703
1.729186
0.399954
0.256528
1.170369
1.449195
0.404885
0.065210
1.196600
0.466322
0.116747
1.470864
0.061424
0.213972
1.386735
0.581832
0.508404
0.462586
0.514621
0.521873
0.347630
0.848594
0.347043
0.923555
0.456446
0.534118
0.217385
0.188468
1.091934
1.055140
2.658276
0.020695
1.220242
0.756643
0.403562
1.724682
1.029977
0.786210
0.757844
0.658744
1.865924
0.517439
0.343364
0.167805
0.466602
0.045431
0.672871
0.175651
0.687360
0.876448
0.248307
1.494685
0.288202
0.084559
2.133842
0.234984
0.313352
0.050846
0.523751
2.216968
0.342006
0.300584
0.507536
0.884249
0.575303
0.848769
0.085825
1.128494
3.353261
0.010844
0.617822
0.033076
0.348719
0.254749
1.025096
0.237244
0.974116
0.719376
1.944331
0.776246
0.584601
0.144671
0.133976
0.295833
0.891520
0.739605
0.196246
0.105729
0.665153
0.872944
0.561586
0.043749
0.577894
0.507520
0.471582
0.167588
0.415471
0.358627
0.472431
0.071819
2.116830
0.235574
0.752421
0.284272
0.152321
0.060440
0.359501
0.071233
0.868629
2.884534
0.174029
0.433223
0.216078
0.012038
0.556504
0.686150
0.291032
0.338601
0.417785
0.357338
0.387507
0.177845
0.804401
0.927209
0.516262
0.042206
0.078242
0.290942
0.075660
0.186703
1.147130
0.057930
0.253131
0.298580
0.674080
1.658671
0.823105
0.620600
0.615232
0.306634
0.181822
0.674957
0.292055
0.009414
0.677466
0.462652
0.045649
0.310625
0.068087
0.886094
1.453198
1.865339
0.371810
0.310758
0.312750
0.015626
0.197716
0.898288
0.399764
0.325222
0.900063
0.116227
0.125727
0.283226
0.200333
1.603115
1.838257
0.476166
0.319855
0.094808
2.444126
0.211519
0.630034
0.527918
0.019118
0.444715
0.208831
0.401162
1.660447
0.808883
0.904156
0.837440
0.290022
0.727504
0.407609
1.010994
0.913639
0.326802
0.209718
1.278101
0.255727
0.251393
0.168465
1.725069
1.086478
0.059431
0.100725
0.227843
0.538532
4.712704
0.385498
0.291695
0.471161
0.160358
0.447165
0.479210
1.492373
0.323924
0.292416
1.923001
0.005086
1.158453
0.508450
0.495786
0.228111
0.947312
1.287896
1.232785
0.595463
0.147904
0.344820
0.116618
0.503251
0.767205
0.212178
1.355101
0.383768
0.879388
0.449045
1.287409
1.184973
0.612798
0.164579
0.043873
1.165128
0.236189
0.639149
0.565035
0.148720
0.892208
0.105663
1.036572
0.035086
0.264605
1.206199
0.577680
0.217858
0.025404
0.355108
2.454592
0.823409
0.114385
0.492937
0.993154
0.684876
0.413951
0.770578
0.219915
0.103425
0.661058
0.453634
0.783147
1.031968
0.850717
0.336492
0.166437
2.288805
0.270873
1.655479
0.260670
0.749079
0.273926
0.677087
0.652005
0.695954
0.026359
0.505845
1.529925
0.438362
0.291753
0.060554
0.001341
0.001372
0.118376
0.069299
0.280223
0.430496
0.307188
0.345555
0.559955
0.434770
0.190800
0.391439
0.120661
0.644815
2.942862
0.627065
0.048529
1.656669
0.105519
0.152487
0.203067
1.149142
1.415409
0.030300
0.553529
0.003803
0.713552
0.007557
1.460261
0.350275
0.127670
0.283161
0.097007
0.248656
0.577519
0.068702
1.001629
0.574150
0.248655
0.329436
0.768290
0.108491
0.417071
0.379006
1.279353
0.051649
0.145263
0.550692
0.090638
0.171513
0.164286
1.175050
0.268773
0.443103
0.508934
0.132285
0.019634
0.062367
0.317666
1.181663
1.003248
0.422327
0.156607
0.034737
0.111064
0.944131
0.655875
0.338769
0.464395
0.187917
0.833698
1.371206
0.929304
0.462698
0.209900
0.162128
0.473113
0.240011
0.487515
0.807896
0.319885
0.472384
0.548033
1.439465
0.902022
0.457905
0.017446
0.389028
0.137386
0.062479
0.347844
0.599340
1.610038
0.408779
0.481257
0.846052
0.355999
0.682041
0.128309
0.844541
0.632729
0.605607
0.556958
1.254276
0.004531
1.003376
0.661071
0.293069
0.980558
0.422126
0.192077
0.500690
0.876222
0.491208
0.361144
0.287162
0.301326
0.034059
0.037410
0.261930
0.779356
0.369356
0.381116
0.023075
2.190992
0.127259
0.232617
1.466479
0.213575
1.661620
0.790801
0.171654
0.725946
0.102563
1.322388
0.532813
0.691576
1.238379
0.281562
0.067967
0.702386
0.331870
0.330993
1.017332
0.151756
0.116722
0.543103
0.581929
0.377603
0.064897
0.307608
1.208812
0.840557
0.127473
0.683695
0.511140
1.701395
0.265546
0.542557
0.465288
1.002627
0.534741
0.162587
0.292025
0.570327
0.186132
0.106127
1.937541
0.919589
0.142972
0.253729
0.119077
3.398909
0.206139
0.073525
1.084599
0.625622
0.008962
0.203897
0.094572
0.519929
0.561896
0.476540
0.078777
0.641591
0.135396
0.587198
0.951827
0.757781
0.556274
0.116371
0.643958
0.126800
1.868465
1.330434
0.070441
0.523859
1.462325
0.188372
0.001573
0.609109
0.755689
1.257789
0.216807
0.464889
0.310784
0.228803
0.086885
1.277449
0.560366
0.104382
0.370987
0.290392
0.058878
0.350381
0.077921
0.124213
1.715795
1.182076
1.005499
0.814622
0.212793
0.265064
0.722526
0.665925
1.107026
0.839531
0.465162
0.618807
1.039154
0.338452
0.182285
0.458421
1.434786
0.597034
0.162099
0.655661
0.968393
0.650972
0.930465
0.032111
0.851803
1.723798
1.182782
0.730736
0.036202
0.654059
0.035513
2.866690
0.022420
0.262365
1.148195
0.111104
0.119467
0.124600
1.003342
0.620805
0.026601
0.568420
0.569901
0.592483
1.250952
0.682426
0.408870
0.592135
0.467456
0.164521
2.139406
0.165005
0.068515
0.235863
0.116602
1.412418
0.434619
0.293100
0.262098
1.487237
0.250701
0.345536
0.384849
0.772130
0.107247
0.037763
0.727778
0.239185
0.504598
0.018946
0.100301
0.131285
1.053281
0.564655
0.378054
0.153977
0.036883
0.572518
0.107786
0.362289
0.523483
1.333503
0.000616
0.028518
0.581138
0.045934
0.733113
0.308776
1.332250
0.944051
0.699767
1.031028
0.248528
0.064820
0.295632
0.228531
0.547606
0.135372
2.268530
2.990821
0.717832
0.622855
0.537720
0.218952
0.208243
0.421778
0.105224
0.110890
1.454139
0.501541
0.643316
0.703382
0.506716
0.343372
0.945264
1.942232
0.060587
0.343922
0.478215
0.435912
0.372030
0.806318
0.658428
0.985320
0.510044
0.127983
2.419745
0.738969
1.186804
0.228607
1.772559
0.075550
0.075734
0.031634
0.486460
0.263551
1.353860
0.067022
1.351524
0.035966
0.238252
0.345303
1.033845
0.367722
0.081297
0.454902
0.072191
0.540080
1.610550
0.050908
0.335562
0.425877
0.053771
0.263975
1.756435
0.110623
0.514559
0.415026
0.628207
1.071688
0.425333
0.867333
1.572444
0.835408
0.377801
0.140597
0.918884
0.128239
0.038505
0.194644
0.008316
0.349793
0.357059
0.659896
0.140238
1.286733
0.216326
0.053277
1.035929
0.453854
0.646196
0.112156
0.110524
0.143890
0.328640
0.174866
0.891674
0.099892
0.488937
1.660757
0.238759
0.863416
1.593957
0.893360
0.831006
0.157539
0.599983
0.035137
0.153505
0.678142
0.333597
0.002690
0.020605
0.694463
0.551962
0.972348
0.347410
0.795765
1.607649
0.095091
0.271724
1.156665
0.850534
0.496961
1.080923
2.279577
0.490425
0.196539
0.418412
0.204034
0.208364
0.447657
0.038341
0.033903
0.277552
0.073043
0.420794
0.192650
0.742960
0.034345
2.413089
0.248098
0.257258
0.876355
2.232918
0.404206
0.857580
0.041996
0.314827
0.380835
1.054789
0.319550
0.341984
0.365925
0.432144
0.051263
0.425195
0.286737
0.134543
0.580616
0.022959
0.092610
2.536669
0.260776
0.967834
2.135168
1.164793
0.951936
0.059101
1.153783
0.165441
3.056072
0.010731
0.671568
0.342108
0.185101
0.250047
0.759823
0.052137
0.820329
0.187762
0.332707
1.790171
3.846766
1.055743
1.072743
0.278555
0.578055
0.866908
0.161737
0.743155
0.115561
0.662137
1.912721
1.873018
1.138589
0.128725
0.595503
0.157524
0.320666
0.789908
0.093368
0.673043
0.376700
1.066838
0.545318
1.158635
1.747386
0.969235
0.745959
0.063278
0.124690
0.039000
0.508490
0.146723
0.229993
0.297702
0.112918
0.207287
0.196473
1.280799
0.155515
0.076284
1.776994
0.092104
1.594184
0.259958
0.545306
0.537643
1.392209
0.445326
0.056809
0.341594
0.248296
0.447388
0.466406
2.240096
0.439758
0.201768
0.436235
0.233773
0.096625
0.063357
0.648227
0.098758
0.150998
0.216152
0.328813
1.419017
0.183550
0.593717
0.587537
1.213520
0.614583
1.589355
0.350672
0.034861
0.493027
0.000152
1.711024
0.212205
0.417209
0.618188
0.071778
0.270459
0.273869
1.843879
0.097701
1.018155
0.665688
0.781750
0.989496
0.402722
1.926981
0.475890
0.260623
0.034369
0.075054
0.412247
0.695975
0.058755
0.037848
0.789320
0.045040
0.006750
0.541884
2.316204
0.571170
1.952416
0.157526
0.758965
0.484787
0.312401
0.523245
0.712706
0.102119
0.671034
1.113199
0.034559
0.017851
1.542271
0.655860
0.360851
0.021367
0.732105
0.954422
0.289225
0.624483
0.873127
0.023265
0.446297
0.122223
0.570395
0.198840
0.075839
0.515014
0.122509
0.539576
0.390626
0.858630
0.175986
1.246662
0.485876
1.009792
0.678994
0.085385
0.157212
0.245944
0.348222
0.257025
0.872064
0.752050
0.006812
1.525523
0.790713
0.507759
1.104599
0.008734
0.474607
0.837608
1.354065
0.209184
1.809546
0.588627
2.574831
0.480801
1.400864
0.516309
0.420812
1.183383
0.704846
0.482408
0.415312
0.383332
0.253506
0.314839
0.681882
0.062369
1.034752
0.987943
0.138662
0.726688
0.554401
0.531362
0.036890
3.045620
0.150162
1.245875
2.679665
0.936940
0.283741
0.031758
0.031475
0.861379
1.249654
1.283006
0.832886
0.195183
1.252085
0.519923
0.718733
0.065496
1.143854
0.256627
0.377333
0.784460
0.326195
0.733292
1.355186
1.646602
0.016072
0.829867
2.384506
1.203196
0.659333
0.121659
0.050625
0.546216
0.823028
0.567868
0.015992
0.126991
1.153467
0.037677
0.304998
0.188483
0.328608
1.518695
1.321932
0.360806
0.043261
0.139827
0.018717
0.318475
1.096353
0.347539
0.117552
0.127579
0.058446
0.712015
0.269599
1.534408
0.684295
0.452534
0.489380
0.004558
0.196310
0.267160
0.017017
2.835355
0.332324
0.276373
0.669922
1.029545
0.372849
0.748958
0.816945
0.070166
0.793732
0.862497
1.261490
0.140991
0.251528
0.338609
0.731320
0.897547
0.035831
0.059282
0.223633
1.782171
0.986034
0.268982
0.052082
0.219459
0.350510
0.107468
0.509609
0.457250
0.132789
2.039924
0.238403
0.545809
0.524434
0.316843
3.249564
0.640188
0.285068
0.506057
0.285559
0.198550
0.264515
1.080195
0.090536
0.463977
0.212345
1.185810
0.059735
0.400918
0.258676
0.302998
1.027486
0.647697
0.053248
2.130848
1.531909
0.037055
0.100864
0.520656
1.960420
0.121585
0.042837
0.300084
0.128824
0.298748
0.263236
0.531412
0.114750
0.313418
1.619463
0.159533
0.810068
0.281891
0.567522
0.004874
0.962847
0.714313
0.203521
0.867800
0.186862
1.520392
0.138272
0.863797
0.023794
0.884069
0.073199
0.672337
0.031668
0.629829
0.413265
0.400217
0.574650
0.153755
0.685400
0.321802
0.032487
2.317470
1.704789
0.027557
0.419733
0.634577
0.127065
0.592708
0.105537
0.144231
0.011449
0.594039
2.478034
0.311698
0.275205
0.243465
0.098419
0.233821
0.700484
0.598467
0.234748
0.362274
1.207008
0.106271
1.502417
0.774176
0.400993
1.581300
1.174159
0.125235
0.583758
0.318264
1.069070
0.069706
0.436100
0.026947
0.834124
0.146387
0.482132
0.722275
1.024008
0.327296
0.244646
1.443120
1.469721
0.308047
1.340816
1.465586
0.188168
1.155457
0.007902
0.354882
0.032809
0.501977
0.948588
0.711435
0.480859
0.019944
0.110626
1.829612
0.649731
0.370747
0.006955
0.477304
1.108539
0.153564
0.455286
0.428278
0.619251
0.537986
1.057399
2.088685
0.729820
0.744886
0.400674
0.243733
0.767649
0.143482
0.168011
0.639102
1.342539
0.108349
0.214948
0.049198
0.140154
1.640196
0.046983
0.838763
0.895933
0.179030
0.268859
0.091170
0.527304
0.163888
0.046553
0.451242
0.114566
0.037266
0.466455
0.026598
3.487474
0.488100
0.528834
0.389288
0.322971
0.538083
0.071599
0.744561
1.173380
0.420541
0.822119
0.840643
0.651407
0.179413
0.809289
0.200854
0.976230
0.211314
0.427419
0.420887
0.569405
0.070726
0.040352
1.400670
0.224272
2.465775
0.615690
0.279388
0.515340
0.732474
4.246227
1.218418
1.345400
4.489554
0.819416
0.420765
0.152868
1.231878
0.175076
0.321179
0.639582
0.113916
0.071864
0.762438
0.345499
0.775049
0.853228
2.417037
0.257476
0.076431
0.226337
2.033180
0.107713
0.802986
0.356993
0.957463
1.179831
0.413792
0.497512
0.232920
0.061798
0.062372
0.167553
0.166658
1.824114
0.027242
1.093593
0.038235
2.553849
0.692682
0.218099
0.584529
0.798170
1.063605
0.094794
1.534368
0.830964
1.519199
0.044028
1.650787
0.906695
0.116301
0.872865
0.740041
0.343511
0.683174
0.183455
0.105353
0.312038
1.149742
0.122933
0.163920
0.374980
0.572588
1.546681
0.565807
0.198571
0.235083
0.677849
1.555478
1.619233
0.511656
0.198665
1.124368
0.130279
1.363111
0.198732
0.092047
0.015623
0.343966
0.258572
0.759397
1.186283
0.335140
1.650542
3.202005
0.266211
0.114808
0.042584
0.182369
0.245404
2.859417
0.218436
0.101462
1.780202
0.551081
0.622876
0.996616
0.375897
0.901022
0.569884
0.055050
0.004952
0.876450
0.009759
0.890800
0.276570
1.474218
0.027121
0.030538
1.436804
0.134371
0.874658
0.128663
0.510279
0.132787
0.454912
0.781350
0.503089
1.185995
0.226292
0.472612
0.591716
1.534138
0.649289
0.014042
0.390543
0.007882
0.231232
1.399766
0.266771
0.318049
1.540190
0.730425
0.069224
2.601156
0.643000
1.260000
1.048068
3.026344
0.109213
0.043678
0.012692
0.420725
0.000144
0.845082
0.086865
0.939302
0.217362
0.387820
0.038082
0.097058
0.000541
0.543725
0.022651
0.074320
0.295158
2.026013
0.445481
0.524115
0.220608
0.004109
0.013645
0.454012
2.429540
0.607212
0.195711
0.271427
1.913391
0.143859
1.389039
0.336104
0.768295
0.418730
0.030348
0.083137
0.992527
0.587707
0.619332
1.658319
1.146711
0.302759
1.744157
0.409729
0.547750
0.097208
0.722728
0.173009
0.037247
0.456228
0.044644
1.656335
2.247526
0.835107
0.102539
0.401239
0.281436
1.312826
0.864727
0.211880
1.170213
0.113415
0.215680
0.017709
0.167170
0.809671
0.048171
0.210024
1.002033
0.062410
1.660973
0.149643
0.862967
0.269152
0.358351
0.233991
0.473681
0.354929
0.341896
0.447612
0.071277
0.548103
0.177731
0.375437
0.285790
0.061504
0.243672
0.589208
0.006326
0.114494
1.496392
0.337901
0.018152
0.789377
0.694334
0.547004
0.024289
4.257354
0.016350
0.634963
0.359889
1.106711
0.452962
0.361390
0.751007
0.048328
0.776785
1.454200
0.334169
0.406519
0.336843
0.298071
0.591757
0.506482
0.769557
0.614776
0.064644
0.871004
0.473502
0.100981
1.640252
0.145333
0.815130
0.252535
0.779724
0.610697
0.065299
0.543418
0.624057
0.407357
1.649842
0.023080
0.648500
0.061620
0.407441
0.102542
1.184646
0.260157
0.234726
0.123203
0.535899
0.144391
0.586386
0.465410
0.069046
0.101969
0.077432
0.027167
0.697562
0.441402
0.597089
0.524506
1.051122
0.686687
1.702324
0.679353
0.800870
0.487868
0.073451
0.490759
0.170300
0.324376
0.549834
0.108810
0.238680
0.958033
1.183247
0.844298
0.112007
0.275735
1.166876
1.157685
0.649126
1.395506
1.381440
0.939584
1.568404
0.325548
1.269797
0.101981
0.529408
0.589438
0.393672
0.188643
0.617093
0.422280
0.503315
0.842563
0.417600
0.395007
0.839053
1.230839
0.845678
1.111241
0.741137
2.416239
0.172147
0.089625
0.110425
0.716855
0.059266
0.035221
1.427324
0.493968
0.034034
0.413596
0.374475
0.014691
0.406830
0.199900
0.786933
0.390905
1.107028
0.223240
0.598177
1.150402
1.732771
0.160870
3.011459
0.042907
2.055049
0.760249
0.204810
0.950939
0.064067
0.867420
0.088293
0.265846
0.104144
0.813752
2.231056
0.066395
3.556137
0.131427
0.161083
0.602966
0.025270
0.242423
1.253293
0.284291
0.272486
0.566218
0.735561
0.847946
0.378389
0.688649
0.242365
0.906315
0.011582
0.428342
0.082773
