0.057716
0.752063
0.577188
0.117785
0.273624
0.238765
0.421754
0.621835
0.039424
0.011503
0.722583
0.226794
0.574665
0.000843
0.235794
0.511392
0.103903
1.162142
0.926785
0.012427
0.010310
0.311842
1.119732
0.191992
0.097644
0.219353
0.011788
0.100253
0.230421
0.273923
0.106151
0.104996
0.098760
0.246181
0.136873
0.008690
0.727023
0.325182
0.411218
0.082272
1.959463
0.786292
0.051538
0.161803
0.511312
0.496797
1.102312
0.219347
0.708867
0.443836
0.144599
0.354286
0.856455
0.748834
0.281508
0.355667
0.014054
0.111219
0.638617
0.213989
0.075984
0.318337
0.485664
0.448940
0.187811
0.231186
0.284058
0.602829
0.294370
0.199859
0.269098
0.012008
0.017784
0.486124
1.634258
0.359757
0.200086
0.074700
0.279054
1.608660
0.588781
0.310279
0.787274
0.105678
0.288431
1.218536
0.344906
0.245832
0.125490
0.317626
1.259705
0.002290
0.612353
0.687001
0.869253
0.539605
0.662486
0.292488
0.329629
0.222114
0.023104
0.816120
0.337587
0.089177
0.281053
0.265377
0.176514
0.169907
0.309291
0.390724
0.379167
0.245104
0.011349
0.104341
0.078022
0.351271
0.789338
0.640665
0.638012
0.678080
0.117906
0.737419
0.447257
0.034761
0.006733
0.005867
0.563558
0.114838
0.046384
0.392121
0.168896
0.028820
0.069563
0.299786
0.073639
0.127484
0.497349
0.242569
0.155444
0.256808
0.009567
0.195467
0.218525
0.083321
0.046057
0.920309
0.285435
0.093829
0.372205
0.679394
0.008415
0.007210
0.063346
0.507526
0.069850
0.487778
0.453500
0.314721
0.099692
1.485179
0.639421
0.290764
0.101027
0.418226
0.200943
0.343063
0.154998
0.398727
0.024234
0.141874
1.375601
0.833490
0.146336
0.782223
0.148636
1.120648
0.544785
0.215260
0.116332
0.003407
0.843854
0.015462
0.684620
1.310190
0.337849
0.075264
0.809318
1.456420
0.486990
0.284422
0.189906
0.170429
0.092149
0.448531
0.226923
0.086327
0.044115
0.438595
0.140432
0.277099
0.157422
0.821109
0.919749
0.007303
0.089684
0.158844
1.738655
0.610591
0.165658
0.095826
0.448902
0.727326
1.076403
0.168546
0.856163
0.464762
0.265046
1.693670
0.106964
0.517071
0.035393
0.074384
0.967593
0.095795
0.569376
0.366725
0.735873
0.183615
0.166379
0.137681
0.808227
0.370519
1.234328
0.873087
0.058170
0.320445
0.044049
0.015970
0.030404
0.804469
0.620687
0.705283
0.166750
0.381998
0.609127
0.189952
0.338316
0.101294
0.034111
0.124093
0.885713
0.332455
1.036465
0.244825
0.129840
0.618613
0.703566
0.004984
0.443964
0.038465
0.048913
0.865338
0.016339
0.109582
1.774458
0.218591
0.049119
0.073273
0.110523
0.545041
0.043406
0.966590
0.190104
1.406159
0.959739
0.139269
0.116896
0.259277
0.042202
0.422279
0.016171
0.004225
1.620138
0.140135
0.363102
0.239022
0.150332
0.026014
0.978545
1.400141
1.399919
0.047226
0.096927
0.384732
1.563868
0.313153
0.466144
0.433688
0.119948
0.312007
0.146876
0.113147
0.033948
0.131839
1.638780
0.237612
0.422233
0.412530
1.130291
0.198032
0.146566
0.158547
0.152349
0.751279
0.895845
0.144279
0.162787
0.314303
0.346035
0.362499
0.112467
0.008234
0.111758
0.030031
0.320475
0.029423
0.031241
0.403562
0.137459
0.628442
0.271904
0.794086
0.066979
0.278404
0.633866
0.032097
1.192164
0.076097
0.598817
1.677115
0.689379
0.154138
0.045213
0.288914
1.007089
0.138967
0.896817
0.061112
0.965325
0.012910
0.151959
0.933582
0.651563
0.950724
0.734833
0.548460
0.467951
0.078481
0.226703
0.068741
0.501860
0.440782
0.116455
0.026633
1.322929
0.660631
0.318755
0.311811
0.762310
0.241549
0.201481
0.165400
0.119346
0.009885
0.415880
0.215610
0.338150
0.025739
0.175367
0.059532
0.053472
0.119963
0.706283
0.202864
0.205052
0.379159
0.106384
0.003002
0.300906
0.277979
0.418605
0.230727
0.463999
0.525845
0.108920
0.273336
0.260669
0.101989
0.212579
0.328763
0.949802
0.998986
0.128758
0.415853
0.019759
0.029696
0.286723
0.839610
0.069488
0.581021
0.858265
0.149471
0.471786
0.756167
0.185840
0.483303
0.533356
0.361131
0.775947
0.907677
1.288339
0.338736
0.077568
0.115391
0.098165
0.337139
0.567114
0.021417
0.457825
0.505140
0.171073
0.289489
0.072033
0.523580
0.016624
1.590008
0.659987
0.396027
0.124531
0.976109
1.281978
0.059923
0.598010
0.737889
0.431191
0.482133
0.235557
1.032432
1.419057
0.192735
0.649235
0.226903
0.072012
0.157494
0.054021
0.958252
1.281832
0.050764
0.367196
0.209851
0.050266
0.140093
0.114123
0.553841
0.001607
0.084209
0.231052
0.008504
0.395036
0.372184
0.721530
0.092574
0.134067
0.312651
0.127656
0.352503
0.115544
0.460207
0.626342
0.661470
1.454001
0.315315
0.269973
0.774338
0.586252
0.338095
0.193321
0.133657
0.045778
0.659166
0.050258
0.550166
0.315236
1.340339
0.572627
1.452543
0.058748
0.277556
0.339994
0.149152
0.279692
0.176531
0.300645
0.000338
0.233584
0.238809
0.145422
0.203932
0.611304
0.460063
0.271145
0.417273
0.189642
0.091219
0.001553
0.130082
0.364685
0.853687
0.707423
0.286125
1.737681
0.247647
0.719740
0.210352
0.546018
1.755756
0.145731
0.074683
0.387069
0.302824
0.178154
0.001410
0.197170
0.221959
0.207847
0.790019
0.351240
0.529449
0.912757
0.552560
0.271463
0.547804
0.409056
0.418498
0.397350
0.209024
0.396904
0.401757
1.106598
0.610174
0.749018
0.583546
0.675665
0.372016
0.171975
0.122927
0.492428
0.828406
0.314322
0.065983
0.715845
0.265081
0.251771
0.018580
0.285569
0.546201
0.219686
0.175512
0.427828
0.007976
0.283031
1.168451
0.469051
0.205615
0.467067
0.371542
0.093727
0.093130
0.868711
0.125375
0.031135
0.710380
0.296261
0.183678
0.286582
0.533824
0.073835
0.423449
0.499919
0.674967
0.125753
0.376301
0.105646
0.329343
0.075672
0.623817
0.806115
0.159978
0.100575
1.327350
0.490611
0.742628
0.012404
0.918615
0.389623
0.152229
0.226089
0.573510
0.615614
0.084239
0.393278
0.072431
1.445506
0.234490
0.977406
0.521146
0.372826
0.121516
0.299119
0.059688
0.059445
0.503160
0.179197
0.556726
0.110035
0.506564
0.507016
0.145823
0.044992
0.202340
0.271194
0.042133
0.082692
0.022773
0.364038
0.878844
0.097623
0.014132
0.486855
0.674766
1.331048
0.379917
0.167690
0.727739
0.050256
0.471890
0.040030
0.204134
0.273297
0.189858
0.073857
0.105439
0.686253
0.248387
0.346936
0.095256
0.502015
0.160261
0.360185
0.960905
2.073525
0.018928
0.638693
0.779612
0.154015
0.193250
0.347242
1.004534
0.204283
0.848206
0.568455
0.066079
0.979877
0.006119
0.062745
0.437225
0.023526
0.190885
0.055695
0.248620
0.732983
0.946143
0.014446
0.025113
0.734596
0.017503
0.127856
0.049970
0.038181
0.011205
0.405907
0.545992
0.464329
0.747342
0.435088
0.197523
0.398852
1.397257
0.410446
0.111405
0.024829
1.094370
0.357123
0.172076
0.371905
0.328626
0.295402
0.025093
0.174304
0.212854
0.088942
0.848456
0.220742
0.434340
0.500072
0.543912
0.510783
0.558067
0.115917
1.498666
0.065483
1.003585
0.771221
0.764661
0.021703
0.038260
0.670778
0.253323
0.184975
1.671634
0.016378
0.303258
0.234327
0.054880
0.201135
0.491918
0.855900
0.009971
0.297363
0.037890
0.644563
0.035876
0.013917
0.193957
0.527613
0.150289
0.055707
0.633064
0.657859
0.774788
0.144815
0.221236
0.112622
0.325835
0.160255
0.165397
0.612290
1.252128
0.350963
0.044233
0.422883
0.238126
1.770159
0.508304
0.720206
0.483308
0.306820
0.908506
0.712606
0.137744
0.068330
0.185038
0.294487
0.040981
0.169480
0.342178
0.017821
0.674849
0.421208
0.150547
0.141712
0.173926
0.157388
0.552147
0.278105
0.298728
0.064423
0.983312
0.157557
0.158740
0.028532
1.553211
0.261338
0.976209
1.050315
1.399332
0.676323
1.038478
1.021905
0.646520
0.057817
0.296693
0.342835
1.957009
0.612895
0.485496
0.549192
0.179502
1.141093
0.412569
0.206050
0.249875
1.559938
0.303825
0.073472
0.064234
0.464930
0.330923
0.949230
0.081631
0.211806
0.520723
0.020562
0.041799
0.315606
0.123551
0.045240
0.121361
0.400022
0.298938
0.032700
0.030239
0.760523
0.412276
0.076158
0.791720
0.008837
0.183613
0.752577
0.495534
0.133492
0.887597
0.364599
0.802457
0.893199
0.221663
0.450312
0.314523
1.158248
0.640113
0.517586
0.672873
2.519186
0.118588
0.089940
0.549403
0.588449
0.288852
0.267051
0.206833
0.857198
0.636309
0.351403
0.016378
0.761904
0.245331
0.084170
0.142301
0.470199
0.002209
0.051154
0.144189
0.872825
0.549526
1.413321
0.313254
0.339423
0.320629
0.298305
0.312390
0.682749
1.226194
0.209903
0.397663
0.147129
0.143763
0.282345
0.353014
0.319398
1.501661
0.071159
0.404971
2.083464
0.532928
0.333800
0.183776
0.205759
1.102832
0.902779
0.443073
0.916057
1.036981
0.749214
0.193424
0.249721
0.635673
0.186489
0.553501
0.262665
0.164115
0.243631
0.049550
0.175090
0.214590
0.007332
0.075533
0.120568
0.780445
0.356227
0.135391
2.434609
0.119320
0.288444
0.538091
0.470181
0.227313
0.600229
0.266053
0.502760
0.270419
1.423066
0.503766
0.038330
0.055461
1.358661
0.104145
0.010593
0.116796
0.261407
1.216029
0.203751
0.514226
0.719181
0.037356
0.378589
2.187581
0.319044
0.305845
0.170289
1.168290
1.397315
0.043556
0.321930
0.217635
0.445465
0.050519
0.123336
0.130710
0.261350
0.630562
0.780342
0.617504
0.451802
0.036492
0.197533
0.441894
0.139396
0.283563
0.941881
0.049390
0.769322
0.044744
0.195342
0.943194
0.089858
0.294207
0.215556
0.875514
1.934573
0.136204
0.271285
0.901538
0.314804
0.096638
0.570284
0.164446
0.266193
0.003440
1.802747
0.428339
1.040466
1.385467
0.124535
0.311078
0.232107
0.570605
0.739042
0.103799
0.128393
0.490026
0.212169
0.055797
0.086920
0.329165
0.365014
1.288267
0.304382
0.375599
0.064469
0.213639
0.131286
0.475532
0.124275
0.096523
0.183347
0.254366
0.165235
0.372290
0.079968
0.847807
0.473892
0.306084
0.023969
0.157814
0.468612
0.414327
0.668428
0.888434
0.151549
0.272275
0.160216
0.054751
0.060384
0.118538
0.036859
0.309592
0.485505
0.331195
0.461777
0.102602
0.088960
0.335338
0.862652
0.219456
0.001698
0.008102
0.145713
0.382194
0.035343
0.101704
0.456638
1.679667
0.166857
0.367657
0.292281
0.009359
0.160092
0.060069
0.115511
0.587837
0.457280
0.016755
0.032213
0.516291
0.043573
0.152516
0.125522
0.020419
0.012666
0.059880
0.203882
1.085461
0.406862
0.110861
0.455329
0.127880
0.289639
0.155342
1.187799
0.173770
0.650965
0.409988
0.741434
0.372725
0.817275
0.207787
0.454529
0.387705
0.300085
0.332449
0.306943
0.200199
0.914367
0.400663
0.318624
0.022179
0.284140
0.077020
0.096840
0.228097
0.315825
0.115293
0.126397
0.302134
0.256400
0.206528
0.043816
0.187028
0.425014
0.314280
0.314766
0.742694
0.513731
0.461552
0.012354
0.147342
0.458801
0.067733
0.978920
0.061226
0.845188
0.097475
0.737027
0.754155
0.163467
0.877824
0.069631
0.756480
0.192335
0.231726
0.050162
0.367523
0.125751
0.439700
0.642553
0.370217
0.003287
1.217425
1.008700
0.411935
0.190896
0.330136
0.857591
0.246126
0.604232
0.365078
0.219466
1.084381
0.209991
0.372338
0.021898
0.254528
0.015253
0.487138
0.000236
0.017190
0.047120
0.060131
0.283774
0.176202
0.126380
1.644766
0.958758
0.425525
0.647971
0.685272
0.112507
0.660700
0.109676
0.330540
0.177091
0.069103
0.599972
0.992406
0.150575
0.847315
0.170016
0.428658
2.188078
0.591488
0.022911
0.228282
0.188836
0.139217
0.677423
0.232657
0.480577
0.403068
0.292752
0.023065
0.447161
0.887971
0.075593
0.411722
0.267334
0.166803
0.495739
1.478748
0.008761
0.910400
0.193309
0.717942
0.076809
0.504347
0.042009
0.163554
1.401407
0.427562
0.613962
0.247443
0.254833
0.271402
0.593396
0.513856
0.086154
0.232359
0.312375
0.338919
1.045665
0.732401
0.064952
0.188719
0.046152
0.010630
0.031006
0.080830
0.581106
0.440111
0.639540
0.136154
0.067609
1.431655
0.699537
1.173344
0.007586
0.202035
0.401828
0.532835
0.975136
0.308644
0.198238
0.002135
0.651577
1.610478
0.951124
0.434202
0.167709
0.109328
0.596697
1.095998
1.290825
0.077243
0.352131
0.287894
0.223045
0.632730
1.098191
0.515848
0.481997
0.469267
0.424014
0.307799
0.113963
0.604701
0.050721
0.413004
0.195748
0.328358
0.410260
0.260743
1.528400
0.109350
0.004897
1.242737
0.149591
0.130332
0.214840
0.361514
1.710766
0.491750
0.153278
0.306019
0.238180
0.278531
0.216245
0.073385
0.201331
0.197122
0.089617
0.679130
0.178509
0.065708
0.334691
0.745328
0.606673
0.389187
0.525274
0.163858
0.061592
0.117754
0.171916
0.130921
0.252265
0.064552
0.055825
0.116528
0.087513
0.647191
0.308493
0.088464
0.224299
0.822026
0.344733
0.322898
0.198584
0.087182
0.392764
0.032115
0.617067
0.023698
0.548716
0.192914
0.458799
0.357621
0.055326
0.309311
0.030825
0.110416
0.192292
0.134565
0.433599
1.732068
0.176558
0.729541
0.102008
0.494228
0.170913
0.306600
0.037102
0.702603
0.093700
0.249040
0.137163
0.664720
0.359179
0.381997
0.562189
0.117693
0.024005
0.705398
0.151688
0.669103
1.255282
0.396828
0.043610
0.769624
0.401424
0.112892
0.093213
0.283484
0.051846
0.945870
0.492212
0.684327
0.193687
1.026575
0.057527
0.503865
0.117536
0.001455
0.051539
0.090030
0.576461
0.189958
0.263136
0.380334
0.124604
0.406924
0.445375
1.017196
0.279559
0.773199
1.373716
0.585954
0.218714
0.126971
0.041137
0.711206
0.055521
0.327950
0.242004
0.018353
0.096491
0.692409
0.309448
1.032891
0.954274
0.039499
0.453427
0.017438
0.219734
0.233197
1.257440
0.361861
0.084289
0.285134
0.295115
0.087797
0.178347
0.839840
1.595366
0.599994
0.026670
0.945260
0.245335
0.718442
0.077813
0.063919
0.948612
0.134482
0.017604
0.278098
1.865478
0.721933
0.201871
1.988955
0.637170
0.738231
0.415504
0.200602
0.944551
0.254426
1.091151
0.321355
0.962545
0.259389
0.222623
0.355356
0.152686
0.064724
0.355989
0.761424
0.130168
0.801056
0.618827
0.597865
0.214546
2.675936
0.625935
0.342878
0.048194
0.341153
0.005794
0.929968
0.164210
0.183765
0.320189
0.405853
0.349606
0.265377
0.402437
0.751299
0.236387
0.277322
0.665024
0.001365
0.070080
0.157235
0.096288
0.905384
0.064169
0.045665
0.152622
0.284232
0.689224
2.175131
0.763865
0.375453
0.015331
0.026227
0.398497
0.685658
0.123433
1.392343
0.319747
0.341112
0.385586
0.031148
0.074719
1.100753
0.124405
0.034787
0.132753
0.518064
0.121963
0.094584
0.129810
0.261895
0.535076
0.143427
0.827036
1.489926
0.690425
0.031239
0.151602
1.040320
0.784690
0.057203
0.233519
0.180986
0.550490
0.011652
0.151613
0.554165
0.871688
0.016590
0.355036
0.435792
0.825166
0.221062
1.445504
0.087972
0.048760
0.055726
0.353456
0.052244
0.124024
0.087413
0.022752
1.312123
0.163142
1.329870
0.513833
0.099266
1.078528
0.003758
1.599355
0.013119
0.116844
0.321147
0.003688
0.578778
0.035381
0.679496
0.014294
0.300444
0.094004
0.136300
0.269718
0.185690
0.199019
0.423869
0.086885
0.080113
0.461304
0.140938
1.080958
0.222218
0.256998
0.009377
0.008349
0.044269
0.393002
0.436905
1.216271
0.226584
0.491950
0.168395
0.030779
0.218019
0.483761
0.652313
1.214485
0.713928
0.331692
0.319729
0.278136
0.259734
0.456389
0.342932
0.778417
0.239189
0.254839
0.713705
0.450356
0.297314
0.331538
0.655349
0.373967
0.119983
0.148566
0.371148
0.018773
0.244683
0.889905
0.105661
0.234907
0.480929
1.038803
0.476651
0.393218
0.193735
0.230046
0.410830
0.176221
0.614608
0.003290
0.556792
0.541991
0.146367
0.006030
0.165092
0.355846
0.618486
0.817217
0.093562
0.034109
0.051082
1.805704
0.414747
0.054954
0.469462
1.282363
0.374023
0.105884
1.312189
0.482328
0.080839
0.581346
0.280613
0.341367
0.182148
0.139115
0.218192
0.298959
0.247545
0.804760
0.030841
0.088752
1.109069
0.374453
0.384442
0.397431
0.111619
0.200799
0.094364
0.065942
1.823020
0.544741
0.845240
0.000586
0.487595
0.146841
0.275591
0.449882
0.012673
0.185297
0.322881
0.829792
0.287966
0.152846
0.370295
0.350455
0.138288
0.317675
0.129253
0.004543
0.148846
0.036158
0.270824
0.278179
0.816772
0.551182
0.553524
1.828092
0.122979
0.186555
0.104835
0.043251
0.289632
0.286426
0.055578
1.023203
1.535945
0.028300
0.001270
0.025516
0.526305
0.765629
0.027383
0.003601
0.308830
0.161813
0.007566
0.003535
0.094978
0.089312
0.140029
0.319995
0.115809
0.106377
0.094668
0.872151
0.109034
0.324169
0.241055
0.161031
0.208863
0.006448
0.081850
0.408815
0.573333
0.098549
0.077691
0.944478
0.041159
0.633626
0.841664
0.063270
0.715843
0.065034
0.017625
0.134880
0.168835
0.356191
0.233733
0.630899
0.437172
0.050767
0.090443
0.548425
0.049290
1.219952
0.667590
0.099301
0.134811
0.116208
0.219857
0.114348
0.013118
0.116016
0.086665
0.172267
0.242249
0.829582
0.431002
0.382306
0.799599
0.195452
0.222116
0.112148
0.709258
0.839403
0.966880
0.371473
0.048342
0.030005
0.638874
0.866754
0.303945
1.014147
1.068145
0.562193
0.185160
0.243774
0.173474
0.201705
0.254945
0.006903
0.054486
0.073577
0.334636
0.821071
0.497080
0.064770
0.244763
0.394797
0.058099
0.033217
0.378739
0.107376
0.414320
0.075276
0.774913
0.148275
0.223698
0.319373
0.869846
0.992577
0.745197
0.461459
0.028679
0.082706
0.305949
1.683297
0.518065
0.085111
0.176021
1.312991
0.283504
0.817069
0.780758
0.608875
0.394515
0.438458
0.167467
0.051322
1.186942
0.013270
0.126370
0.380659
1.340183
0.094374
0.113460
0.753308
0.158443
0.206305
0.178352
0.020287
1.137699
0.478574
0.002740
0.040877
0.058220
0.184108
0.884083
0.060729
0.103548
0.149263
0.285907
0.925417
0.310140
0.935511
0.312291
0.226341
0.820617
0.347797
0.257725
0.287346
0.175793
0.227030
0.030821
0.091874
0.575872
0.057356
0.093403
0.071456
0.180320
0.020218
0.178721
0.376330
0.453250
0.808007
0.036442
0.412931
0.087419
0.167679
0.342388
0.727948
0.444203
1.687933
0.007244
0.151972
0.261850
0.014751
0.021518
0.182770
0.327628
0.058249
0.028300
0.153581
0.541178
0.334967
2.298383
0.371653
0.884352
0.340285
0.262279
0.214830
0.029670
0.025999
0.429654
0.784089
0.007693
0.079491
0.158682
0.150208
0.718780
0.116355
0.146236
0.267448
1.204804
0.139548
0.401726
0.019928
0.225859
1.048088
0.098056
0.176309
0.424694
0.333462
0.343238
0.375162
0.450048
0.155835
0.173371
0.202339
0.295540
0.334809
0.828479
0.201564
0.238588
0.715078
1.417219
0.111302
0.524371
0.113801
0.540557
0.015716
0.283003
0.337568
0.481045
0.995713
0.634084
0.331202
0.275005
0.005326
0.321780
0.330420
0.542076
0.072320
0.355336
0.021184
0.517704
0.689510
0.230342
0.465498
0.434251
0.144732
0.036954
0.567523
0.176692
0.070397
0.233507
0.715764
1.233270
0.335120
1.400713
0.076186
0.269665
0.003365
0.106612
0.836801
0.024492
0.425024
0.284966
1.755282
2.020352
0.052655
0.121564
1.903267
0.160158
0.079614
0.971136
0.384120
0.147359
0.323321
0.223032
0.244985
0.321296
0.074425
0.382432
1.241940
0.358634
0.619525
0.132813
0.067176
0.002584
1.592097
0.050707
0.191224
0.425364
0.530606
0.385073
0.231615
0.674817
0.233617
0.721461
0.022216
0.512069
0.040945
0.196122
0.234354
0.080351
0.238371
0.766642
0.014835
0.086228
1.485523
0.239110
0.197545
0.975119
0.598217
0.076233
0.364408
0.079578
0.597945
0.325162
0.640965
0.026852
1.052470
0.104448
0.758265
0.233070
0.878751
0.042875
0.022118
0.252662
1.066389
0.250430
0.283281
0.071743
0.311510
0.222893
0.875396
0.540296
0.259853
0.064516
0.063108
1.419623
0.377687
0.101943
0.666355
0.097401
0.242050
0.838801
0.043659
0.043458
0.021606
0.065810
0.187702
0.155234
0.131470
0.005706
0.267084
0.235782
0.540060
0.144443
0.348132
0.150253
0.559338
0.076535
0.268829
0.236076
0.245541
0.308974
0.307267
0.152122
0.695153
1.210365
0.327491
0.403687
0.514427
0.154152
0.358880
0.248398
0.264995
0.200441
0.307372
0.098429
0.110314
0.089338
0.361042
0.112590
0.606798
0.942820
0.570392
0.159166
1.143332
0.168811
0.179494
0.361823
0.432321
0.210267
0.617958
0.768361
0.136212
0.101752
0.202627
0.479738
0.443250
0.077253
0.196866
0.928540
1.286601
0.370764
0.605865
0.732542
0.100511
0.027261
0.378039
0.194253
0.496189
0.139074
0.227638
0.660711
0.039154
0.209593
0.066536
0.305097
0.527859
1.742927
0.560105
0.062311
0.229795
0.312520
0.406181
0.482714
1.449342
1.140357
0.093561
0.068973
1.403048
0.069989
1.379640
0.051059
0.351743
0.055651
0.057455
0.162486
0.631456
0.484619
0.152664
0.058977
0.177657
0.076537
0.107162
0.274827
0.268338
1.023570
0.037619
0.304477
0.332790
0.061620
0.178837
0.059340
0.896380
0.171417
0.026820
0.257876
0.301190
0.872942
0.507883
0.092338
0.955921
0.002028
0.477865
0.017229
0.685220
0.083991
0.638381
0.671556
0.590458
0.046681
0.204518
0.044282
0.507234
2.050529
0.295868
0.422180
0.439914
0.061595
0.185743
0.171635
0.555516
0.211994
0.183576
0.318513
0.092239
0.027008
0.108724
0.008427
0.442813
0.244082
0.383522
0.335503
0.022286
0.675124
0.683421
0.003046
0.224978
0.616197
0.214762
0.785837
0.475245
0.432265
0.944793
0.603760
0.351758
0.019383
0.242401
0.466849
0.296231
0.351537
0.171915
0.736023
0.112647
0.408149
0.229615
0.064415
0.007704
0.055668
0.135992
0.255740
0.010852
0.027799
0.636660
1.569526
0.225556
0.253791
0.369220
0.040755
0.309469
0.448365
1.154913
0.412195
0.314897
0.211136
0.971360
0.296389
0.259722
0.529365
0.230405
0.027848
0.358431
0.804008
0.184379
0.040448
0.044691
0.947201
0.047104
0.424760
0.036630
0.287279
0.968515
0.106876
0.146905
0.378040
0.340834
0.328831
0.199056
0.016702
0.361779
0.129609
0.387480
0.230421
0.125128
2.188022
0.155229
1.416844
0.259813
0.305441
0.125272
0.076373
0.489869
0.243187
0.351953
0.080648
0.285312
0.429981
0.570443
0.439302
0.213630
0.462386
0.363400
0.259579
0.398027
0.146322
0.026100
0.063990
1.440636
0.892883
0.701864
0.119995
0.730174
0.623420
0.311666
0.144380
0.045192
2.445492
2.681729
0.761284
0.236058
0.523201
0.965384
0.312344
0.053471
1.496392
0.308645
0.587221
0.389687
0.026787
0.247934
0.004819
0.123644
1.303212
0.470362
0.333600
0.047533
0.462379
0.371999
0.405851
0.466330
1.051858
0.237222
0.377673
0.301806
0.355688
0.454953
0.083284
0.022859
0.049469
0.017459
0.323957
0.145600
0.614190
0.070647
0.065093
0.802794
0.037580
0.174092
0.468538
0.330867
0.124146
0.057870
0.344857
0.114072
0.775429
0.123074
1.081807
0.008800
0.377587
0.132704
0.257448
0.229447
0.662407
0.081956
0.584063
0.013856
0.405054
0.694167
0.224433
0.756394
0.175267
0.175387
0.966920
1.858290
0.622712
0.104265
1.141430
0.181990
0.808964
0.155372
0.098176
0.119205
0.469679
1.556103
0.294382
0.045356
0.461715
0.915301
0.608423
0.000736
0.149695
0.599385
0.483386
2.216752
0.913840
0.640235
0.467892
0.191569
0.014253
0.584691
0.244304
0.800993
0.056524
0.778400
0.414744
0.869069
0.483298
0.229190
0.290286
0.041415
0.111085
0.342212
0.078299
0.177571
0.412208
0.361298
0.897068
0.227102
0.322655
0.219164
0.562393
0.393059
1.162721
0.061018
0.054421
0.138395
0.383111
0.407028
0.090041
0.126661
0.361967
0.122816
0.708522
0.045086
0.610442
0.066436
0.500987
0.609492
1.148845
0.929424
0.009916
0.432748
0.965044
0.588356
0.242187
0.554956
0.133681
0.649991
0.208580
1.414875
0.011315
0.349592
0.055680
0.581211
1.409376
0.270881
0.736367
0.106115
0.011419
0.650297
0.211422
0.035114
0.446819
0.925505
0.035003
0.377456
0.170847
0.017348
0.030416
0.018562
0.146519
0.147200
0.308402
0.387813
0.760012
0.775819
0.075078
0.395167
0.837120
0.115024
0.369537
1.778420
0.402473
0.483616
0.148883
1.958061
0.712213
0.155892
0.143698
0.001924
0.262457
0.826725
0.614687
0.063858
0.110659
0.070330
0.120245
0.090547
0.072126
0.322239
0.982517
0.771329
0.388435
0.152033
0.955896
0.094809
0.015780
0.097341
0.624381
0.482500
0.148890
0.099290
0.405623
0.286581
0.632139
0.236123
0.034844
0.029224
0.105015
0.296581
0.501748
0.324887
0.003929
1.222696
0.245115
0.310910
0.085381
0.111562
0.096411
0.373023
0.957344
0.122673
0.171977
0.135585
0.011806
0.004223
0.607426
1.518054
0.017326
0.032012
0.240705
0.145093
0.113281
0.815380
0.085806
0.086605
0.945927
0.390396
0.463399
0.441484
0.010451
1.525621
0.011674
0.103201
0.257908
0.727118
1.193928
0.003552
0.059580
0.006443
0.058994
0.980222
0.035404
0.309884
0.086687
0.003177
0.131241
0.119869
0.313045
0.827853
0.302086
0.304808
0.130816
0.079353
0.261024
0.200333
0.927964
0.093415
0.010388
0.021222
0.152595
0.098803
0.202267
0.848985
0.521030
0.359963
0.713375
0.845027
0.026856
0.467365
0.056215
0.211570
0.197464
0.126761
0.018159
0.086419
0.490168
1.261647
0.961270
0.009258
0.337188
0.084642
0.294315
0.305066
0.070879
0.036815
0.261895
0.021620
0.735684
0.878119
0.005987
0.645507
0.729780
0.016222
0.353876
0.257652
0.077055
0.683257
0.334165
0.669254
1.094069
1.401019
0.434618
0.825009
0.026220
0.164935
0.257620
0.287150
0.183275
0.679279
0.349221
0.749947
0.234128
1.137349
0.175935
1.996589
0.334182
0.189429
0.387696
0.044935
0.464466
0.366356
0.654294
0.031485
0.217536
0.352987
0.025103
0.575235
0.922687
0.393072
0.577843
1.156016
0.242537
0.286897
0.876384
0.451750
0.129569
0.356066
0.583366
0.743623
0.055610
0.073143
0.465212
0.503485
0.523056
0.268762
0.193631
1.291785
0.117609
0.135178
0.010046
0.035297
0.392616
0.434721
0.098826
0.538965
0.074742
0.186068
0.405059
0.600831
0.241197
0.660851
0.255503
0.436151
0.717123
0.330848
0.330695
1.080759
0.013848
0.007568
0.014831
0.148968
0.308542
0.384811
0.457511
0.006874
0.828222
0.108478
1.369677
0.169757
0.745169
0.498844
0.009272
0.287028
0.200156
2.007350
0.105575
0.201020
0.076577
0.001880
0.309220
0.387118
0.070961
0.726896
0.100470
1.108118
0.447610
1.419787
0.230419
0.729028
0.371777
0.502064
0.211412
0.286470
0.126910
0.164392
1.039040
0.032614
0.713908
0.554478
0.070696
0.225246
0.721444
0.284376
0.283553
0.280294
0.075458
1.871771
0.551875
0.134509
0.170666
0.491899
0.816450
0.320737
0.134948
0.177786
0.314724
0.869806
0.486858
0.102238
0.008106
0.428526
0.122231
0.837040
0.069957
2.239562
0.645303
0.116335
0.006334
0.687554
0.046845
0.065980
0.194038
0.075777
0.039845
0.318698
0.425429
0.615440
0.023857
0.021062
0.255726
0.541454
0.093210
0.362035
0.046853
0.915682
0.827135
1.101771
0.197112
0.034492
0.680477
0.232919
0.172001
0.223017
0.494023
0.520881
0.228961
0.123990
0.065410
0.021717
1.310362
1.367888
0.027859
0.359587
1.446934
0.343109
1.411598
0.062806
0.508244
0.736251
0.048681
0.091432
1.172470
0.106183
0.383392
0.971082
0.496967
0.593217
0.142126
0.757641
0.059540
0.204300
0.268678
0.486848
0.013873
0.031271
0.183624
0.067676
0.961700
0.234553
0.355902
0.222149
0.784349
1.039247
0.922387
0.033844
0.377564
0.600164
0.998165
0.324914
0.253890
0.077516
0.003278
0.009749
0.130610
0.509621
0.205838
0.312240
0.126618
1.449224
1.012047
0.122621
0.193997
0.044545
0.201204
0.110519
0.518765
0.149998
0.463201
0.010763
0.490719
0.405704
0.137228
0.589688
0.798587
0.944850
0.474302
0.231297
0.351611
0.574254
0.151778
0.859494
0.617973
0.474110
0.569188
0.021019
0.670654
0.236691
0.463946
0.420742
0.220337
0.532351
0.779970
2.076878
0.007065
0.985633
0.596779
0.362189
0.574615
0.171231
0.207343
0.016581
1.054685
0.658677
0.290621
0.379326
0.694669
0.072700
0.337840
0.513598
0.349651
1.504203
0.118455
0.454960
0.604006
0.198240
1.127070
0.212428
0.063345
0.074720
0.199771
1.735705
0.985648
0.919453
0.435276
0.279932
0.411270
0.371724
1.238028
0.199643
0.198918
0.522586
0.651406
0.537793
0.069545
0.401587
0.125246
0.128175
0.117989
0.003544
0.050948
0.445659
0.635695
0.045207
1.172711
0.250815
0.610146
0.016965
0.033323
0.673978
0.040599
0.015265
0.428667
0.017924
0.214418
0.675266
0.048435
0.739650
0.963718
1.476523
0.380917
0.688908
0.069376
0.341441
0.833032
0.802563
0.075302
0.705776
0.203033
0.287367
0.638315
0.441354
0.157796
0.775080
1.068135
0.661248
0.020432
0.006116
0.342724
0.041889
0.036461
0.819830
0.019497
0.132052
0.145533
1.078501
1.172945
0.614066
0.245464
0.049878
1.327561
0.101168
0.409954
0.602899
0.285101
0.866884
1.118193
0.182306
0.494321
0.039665
0.225493
0.446108
0.128514
0.186870
0.569959
0.094813
1.022131
0.060734
0.100911
0.381176
0.104583
0.732928
0.177783
0.054440
0.442299
0.223053
0.391166
0.047485
0.021790
0.140013
0.289571
0.088793
0.093385
0.723543
0.110852
0.170482
0.820096
2.466408
0.591786
0.060576
0.578746
0.037914
0.642813
0.129192
0.098999
0.222145
0.061357
0.439687
0.692934
0.439079
0.638662
0.070346
0.127280
0.726580
0.158122
0.549652
0.334699
0.064694
0.100068
1.027026
0.928829
0.362498
0.006429
0.006769
1.110564
0.641096
0.478759
0.120207
0.957372
0.030348
0.465941
0.466148
0.185014
0.670043
0.084071
1.310416
1.080605
0.165634
0.160060
0.633686
0.168064
0.355213
0.469914
1.161929
0.560947
0.129108
0.174325
0.031201
0.652516
0.744944
0.100945
0.255473
0.169941
0.132969
0.011879
0.361266
1.202199
0.075038
0.561283
0.593157
0.306688
0.753692
0.220176
0.388281
0.028177
0.066289
0.353754
0.738626
0.257093
1.084781
0.272292
0.211148
0.612289
1.013533
0.925011
0.430949
0.096803
0.147731
0.326136
0.014742
0.141984
0.620402
0.115659
0.417869
0.144891
0.057256
0.162260
0.154955
0.130233
0.148769
1.003364
0.342034
0.275038
0.122707
0.136873
0.642413
0.162598
0.064555
0.195929
0.447550
1.130304
0.715838
0.273187
0.073806
0.868868
0.016149
0.349713
1.423531
0.152488
0.296014
0.145812
0.214815
0.046079
0.384511
0.483480
0.055349
0.004185
0.110530
0.174982
0.228054
0.498429
0.293854
0.013288
0.007684
0.234490
0.073796
0.660529
0.548127
0.652172
0.383737
0.094012
0.628295
0.136599
0.072109
0.015868
0.197967
1.240276
0.461026
0.431507
0.191213
0.229189
0.961471
2.735302
0.162357
0.354570
0.266933
0.090844
0.286451
0.037254
0.636171
0.207429
0.424884
0.606159
0.107386
1.180160
1.735427
0.265686
0.029986
0.408114
0.453918
0.098447
0.601953
0.132467
0.120480
0.035664
0.385959
0.564234
0.474065
0.145811
0.141131
0.022171
0.077212
0.117438
0.093681
0.017224
0.203830
0.003994
0.279889
0.001095
0.192290
0.040728
0.070670
0.477366
0.030158
0.606430
0.456310
0.409570
0.302670
0.512305
0.099545
0.208447
0.007211
0.001695
0.214934
0.383764
1.346524
0.730307
0.021944
0.997406
0.201540
0.214047
0.069351
0.038418
0.240544
0.314464
0.764694
0.436975
0.085182
0.362369
0.687672
0.113692
0.138385
0.119243
1.432304
0.063657
0.400359
0.179563
0.516153
0.277483
0.098829
0.785543
0.308097
0.008882
0.098662
0.073918
0.155484
0.071078
0.414527
0.375100
0.196333
0.119101
0.403383
0.188332
0.584368
0.797899
0.508601
1.119568
0.143447
0.761886
0.208148
0.780549
0.384324
0.135079
0.131552
0.778005
0.264124
0.066261
0.347090
0.061026
0.025253
0.120557
0.596711
0.093367
0.796495
0.016438
0.164453
0.001714
0.465857
0.381958
0.613741
0.676266
0.953433
0.220408
0.182680
0.375172
0.266177
0.086059
0.226644
0.198756
0.878941
0.033744
0.519056
0.489664
0.981210
0.336135
0.488737
0.052546
0.827431
0.021334
0.374632
0.047822
0.104126
0.465363
0.193581
0.463513
0.099437
0.040301
0.170391
0.281879
0.663843
0.805110
0.190188
1.143598
0.331356
0.081450
0.280185
0.455611
0.575860
0.050906
1.437858
0.325672
0.001967
0.134448
0.713976
0.022382
0.149475
0.453811
0.054525
0.506250
0.356081
0.125026
0.665051
0.030300
0.085940
0.578247
0.368552
0.097641
0.199414
0.754337
0.076037
0.026645
0.276067
0.091217
0.458966
0.112164
0.083936
0.380550
1.283648
0.317914
1.355215
1.911359
0.557044
0.341399
0.186194
0.032861
0.300546
0.079034
0.334757
0.227343
0.325507
0.342929
0.328416
1.049855
0.322889
0.050013
0.863058
0.541259
0.183372
0.234622
0.330434
0.198873
0.443047
2.508263
0.021499
0.998103
1.843828
0.795052
0.248976
0.435367
0.251439
0.186860
0.067952
0.089748
0.259451
0.132608
0.093305
0.375651
0.132889
0.714255
0.036878
0.102977
0.220949
0.096420
0.725579
0.271065
0.025466
0.091266
0.479771
0.147837
0.142326
0.094673
0.005026
0.568012
0.157564
0.111882
0.044487
0.281593
0.536944
1.175567
1.079100
0.006959
0.274049
0.265661
0.318722
0.222409
1.050055
0.360493
0.229033
1.316113
0.291831
0.003261
0.394514
1.341973
0.423541
0.089123
0.728719
0.014565
0.751101
0.057951
0.736010
0.078639
0.063300
0.115942
0.280451
0.471399
0.287329
0.029442
1.175660
0.729470
0.182677
0.015348
0.210614
1.319594
1.230691
0.073972
0.087808
1.505999
0.165346
0.476348
1.057725
0.699050
0.652534
0.379382
0.659595
0.107272
0.937872
0.095834
0.052620
0.587287
1.902834
0.569198
0.390369
0.037277
0.300582
0.078665
0.311265
0.210890
0.060458
0.314116
0.627054
0.501810
0.060416
1.101657
1.075183
0.177703
1.522868
0.084536
0.204511
0.735440
0.035940
0.200566
0.003943
0.095086
0.176058
0.718357
0.392660
0.039872
0.636882
0.569163
0.146513
0.076121
0.531006
1.109488
0.099000
0.160173
0.161636
1.364099
0.020921
0.007507
0.080333
0.248262
1.351050
0.014971
0.639069
0.298132
0.883705
1.328576
0.506219
0.115023
0.964964
0.004774
1.767322
0.213301
0.125869
0.858270
0.276033
0.194940
0.145680
0.217350
0.114112
0.291878
0.229063
0.122600
0.002338
0.065735
0.607720
0.493231
1.029341
0.064605
1.044225
0.873084
0.172363
1.236023
1.649525
0.747345
0.325600
0.819381
0.067057
0.056971
0.059795
0.474650
1.288984
0.086425
0.058868
0.866508
0.842045
0.054419
0.013600
0.130425
0.127540
0.002978
0.062828
0.721086
0.026353
0.243664
0.504227
0.500818
0.148086
0.057398
0.222110
0.178521
0.237627
0.138336
0.257886
1.465765
0.003205
0.104513
0.756403
0.276840
0.612840
0.032984
1.838135
0.001005
0.617117
0.112654
0.497510
0.653316
0.530446
1.238785
0.100663
0.764573
0.384593
0.081010
0.098458
0.037979
0.931219
0.160417
0.170419
0.052042
0.650003
0.324975
0.091604
0.634344
0.307500
0.629387
0.489473
0.225797
0.176253
0.893296
0.079913
0.042870
0.782766
0.465154
1.040279
0.377314
2.888270
0.225829
0.026204
0.438598
0.115978
0.199066
0.183780
0.158030
0.290786
0.365154
0.029328
0.894861
0.170862
0.534632
0.170219
0.050850
0.159765
0.102097
0.145039
0.441246
0.453936
0.085035
0.488727
0.382882
0.070841
0.347058
0.023454
0.432246
0.123553
0.356037
1.110449
0.490123
0.326762
0.337472
0.113908
0.252839
0.022449
0.271580
1.379176
0.279706
0.545263
0.932056
0.333818
0.055630
1.846882
0.284446
0.223438
0.025882
0.513831
0.750656
0.303789
0.081882
0.490043
0.084058
0.170518
0.109159
0.299382
0.419545
0.326880
0.072232
0.107010
0.099203
0.285689
1.326217
0.426422
0.784784
0.037835
0.010007
0.314634
0.104337
0.161733
0.525183
0.039384
0.842938
0.212835
0.360380
0.017349
0.025662
0.447464
0.015422
0.404991
0.149232
0.142796
1.245113
0.795442
0.146579
0.194418
0.139622
0.051089
1.226518
0.420912
0.501379
0.220648
0.093564
0.398563
0.112748
0.978843
1.159902
1.376410
0.096749
0.140432
0.793286
0.250261
0.326844
0.500541
0.094502
0.248580
0.034888
0.012533
1.381416
0.512160
0.389015
0.091689
0.139974
1.008402
2.039328
0.411495
1.027888
0.200817
0.742611
0.520730
0.100070
1.018871
0.005678
0.124991
0.272081
1.112713
0.173577
0.046362
0.512786
0.443481
0.051091
0.467333
0.196447
0.218650
1.129793
0.714299
1.512924
0.484412
0.195443
0.187076
0.061129
0.028157
0.286770
0.069623
0.349058
0.095368
0.279463
0.913353
0.250443
1.033936
0.143218
0.057898
0.491464
0.227456
0.441831
0.345771
0.228888
0.180578
0.098290
1.899269
0.090919
0.247314
0.891693
0.677768
1.621975
0.390656
0.133933
0.810099
0.027236
1.141317
0.237485
0.458263
0.897964
0.292660
0.686808
0.729693
0.284555
0.968450
0.114143
0.068321
0.492528
0.695306
0.212256
0.012271
0.224353
0.102141
0.029850
0.072244
0.368737
0.190885
0.637274
0.099328
0.370350
0.124977
0.133528
0.064917
0.541972
0.132336
0.444159
0.466539
0.323123
0.434061
0.458151
0.040975
0.592349
0.292230
0.673938
0.047025
0.023695
0.416020
0.146833
1.679280
0.146253
0.239993
0.168726
0.327336
0.095615
1.291178
0.127996
1.007766
1.676109
0.165132
0.678922
0.906990
0.014510
1.413526
0.193611
0.165571
0.650622
0.073292
0.011079
1.379139
0.007116
0.406302
0.336564
0.218135
0.699876
0.677736
0.009842
0.385042
0.782225
0.197135
0.053185
0.341534
0.006648
0.193612
0.276689
0.096719
0.352225
0.703393
0.255499
0.312612
0.083943
0.003366
0.255383
0.115366
0.399105
0.042407
0.240978
0.290546
0.612491
0.021376
0.880091
0.066847
1.001703
0.668078
0.883971
1.038692
0.034561
0.179615
0.359039
0.160922
0.431833
0.817036
0.091019
0.152893
0.819818
0.160429
0.034049
0.549618
0.138815
0.350213
0.027233
0.332999
0.672677
0.235195
0.181072
0.587270
0.297886
0.257715
0.076630
0.454336
0.706394
0.000135
0.147546
0.421779
0.065014
0.782048
0.057724
0.111830
0.244587
0.059415
0.944001
0.282451
0.197440
0.377333
0.550373
0.314313
0.415715
0.457637
0.229190
0.131471
0.053588
0.434730
0.189938
1.226370
0.128273
0.610443
0.232034
0.067431
0.197926
0.395188
0.447561
0.170786
0.102430
0.067900
0.359332
0.455589
0.925288
0.269123
0.160663
0.641230
0.403283
0.516646
0.026653
0.693386
0.199949
0.444283
0.030376
0.000089
0.012204
0.031204
0.036548
0.790075
0.317970
0.025380
2.695330
0.225366
0.458215
0.434273
0.175661
0.698771
1.364222
0.210898
0.174988
0.219788
0.712832
0.279001
0.042842
0.004127
0.432807
0.064166
0.582251
0.366240
0.094849
0.028243
0.443090
0.069852
1.581112
0.288400
0.158438
0.652175
0.384593
0.429941
0.622234
0.240849
0.017946
0.069449
1.896326
0.391223
0.009638
0.064042
0.045122
0.118561
0.424752
1.048391
0.339220
0.276512
1.020975
0.056122
0.915895
0.411808
0.107656
0.583914
0.076909
0.358540
0.246560
0.045457
1.107037
0.087059
0.182029
0.405130
0.125949
0.039812
0.142870
0.189143
0.657831
0.315017
1.021712
0.060020
0.701762
1.702065
1.633867
0.142309
0.042341
0.577643
0.231959
0.408665
0.041160
1.330512
0.201247
1.347233
0.003088
0.139182
0.253459
0.184209
0.093945
1.570646
0.317744
1.104285
0.292737
0.617084
0.410710
0.059303
0.479281
0.550734
0.504711
0.270388
0.019945
0.709060
1.384148
0.027625
0.017419
0.226209
0.534186
0.238677
0.682100
0.848608
0.362089
0.383159
0.413103
0.185514
0.091053
0.964659
0.120194
0.700744
0.292002
0.537889
0.619445
0.858644
0.728902
0.158760
0.719118
0.813510
0.410817
0.088497
1.682167
0.641597
0.193935
0.144394
0.674117
0.431111
0.187629
0.949426
1.840993
0.453964
0.712400
0.363144
0.145509
0.640910
0.481911
0.851381
0.171042
1.116703
0.474760
0.555264
0.739291
0.242884
0.730861
0.886538
1.414994
0.365923
0.025485
0.110515
0.087897
0.060585
0.190328
0.354363
1.828916
0.034343
1.261256
0.316731
0.645863
0.703946
0.174548
0.485307
0.544989
0.159614
1.034181
0.854641
0.004422
0.771191
0.195656
1.262474
0.024094
0.740171
0.286650
0.129438
0.270637
0.718912
0.223668
0.243302
0.861560
0.734497
0.099477
0.286563
0.204967
0.085207
0.089962
0.047420
0.073209
0.219046
0.116627
0.516697
0.038957
0.109632
1.304771
0.338124
0.081291
0.688613
0.006823
0.145708
0.059649
0.212074
0.251787
0.991457
0.273728
0.917896
1.268226
0.018291
0.044822
0.665300
0.139320
0.248974
0.425457
0.222929
0.806253
0.010808
0.121793
0.025545
0.120102
1.707443
0.011647
0.313979
0.098510
0.540753
0.071605
0.544707
0.293242
1.316766
0.033055
0.296527
0.964850
0.294397
0.221900
1.028436
0.706063
0.608720
0.208508
0.158838
0.132514
1.455524
0.032337
0.058061
0.400410
0.859679
1.544796
0.375446
0.787318
0.180864
0.289772
0.585810
0.076852
0.484698
0.221102
0.018615
0.176065
0.540254
0.642974
0.461675
0.513971
0.184818
0.148476
0.203397
0.230705
0.157909
0.866832
0.482328
0.065719
0.056988
0.259871
0.405338
0.473576
0.222870
0.344734
0.371794
0.139350
0.654715
0.169037
0.056348
0.062647
0.417982
0.257214
0.745652
0.837855
0.105948
0.605760
0.459078
0.330778
2.170444
0.074513
0.217888
0.210985
0.125766
0.383762
0.774180
0.261422
0.033789
0.121905
0.508400
0.246016
0.018682
0.116724
0.302190
0.155450
0.092256
0.192034
0.047001
0.871633
0.155063
0.253211
0.294390
0.238484
1.018895
0.067088
0.272478
0.067783
0.025099
0.487651
0.162842
0.539201
0.267834
0.015057
0.033557
0.010820
0.342756
0.207501
0.137922
0.142807
0.226144
0.800894
0.888745
0.694754
0.547975
0.051322
0.185945
0.689584
0.090886
0.516820
0.046044
0.674742
0.119525
0.119367
1.336926
0.046797
0.920116
0.139767
0.131203
0.062396
0.023743
0.190470
0.235093
0.150193
0.002777
0.886862
0.739288
0.396802
0.058657
0.064993
0.265600
0.075416
0.132226
0.099002
0.586941
0.441387
0.093006
1.183120
0.370398
0.630344
0.444866
0.249037
0.253745
0.222894
0.028280
1.141000
0.168950
0.022857
0.043913
0.193511
0.501897
0.277159
0.160718
0.946070
0.028374
0.124959
0.861187
0.252882
0.250556
0.033397
0.363470
0.521088
0.729169
0.048169
0.338840
0.676957
0.890721
0.039120
0.062446
0.945283
0.192696
0.220465
0.528444
0.098486
0.063419
0.328211
0.384357
1.094065
0.042778
0.414706
0.053118
0.349868
0.412544
0.215661
0.200703
0.213672
0.691723
0.757859
0.239943
0.545239
0.228972
0.232373
0.389737
0.374846
0.244426
0.260119
0.791471
0.161413
0.394414
0.060851
1.521355
0.017801
0.606409
0.072840
0.430317
0.001810
0.158354
0.016827
0.219182
0.386057
0.006983
0.318924
0.205491
0.823868
0.201142
0.011153
0.109853
0.831518
0.266273
0.198061
0.150689
0.136126
0.059971
0.333978
0.060313
0.060943
0.063024
0.108172
0.898292
0.088444
0.012458
1.196736
0.269088
1.402407
0.619750
0.253718
0.223512
0.000197
0.217920
0.109025
0.190575
0.781458
0.385958
1.141227
0.585616
0.767461
0.046051
0.288000
0.691587
0.600160
0.684049
0.223773
0.055345
0.294493
0.335452
0.574812
0.183168
0.910960
0.837296
0.551972
0.546040
1.830497
0.038223
0.172224
0.233286
0.219184
0.451131
0.231326
0.189044
0.011436
0.019637
0.267754
0.155811
0.105075
0.007903
0.032080
0.079173
0.257845
0.105119
0.246235
0.540630
0.031435
0.395921
0.565236
0.939931
2.051049
0.082753
0.017795
0.418428
0.313903
0.944661
0.361847
0.690915
0.004449
0.254057
0.088483
0.080119
0.029921
1.164968
0.198777
0.637865
0.594875
0.660163
0.144039
0.584073
0.242476
1.090790
0.456520
0.912413
1.226377
0.176878
0.176513
0.001148
0.715159
0.384508
0.071856
0.389590
1.145047
1.039678
1.883795
0.164338
0.115384
0.001279
0.061923
0.118967
0.394278
0.002520
1.059569
0.417867
0.779435
0.133931
0.296495
0.981203
0.046510
0.032478
0.064835
0.090757
0.078496
0.012690
0.068250
0.231914
0.154625
0.236713
0.278843
0.491495
0.345703
1.414061
1.158732
0.916117
0.295175
0.111488
0.240740
0.270614
0.288588
1.123283
0.443968
1.099846
0.065428
0.408583
0.123215
0.007364
0.001710
0.185291
0.081375
0.158556
0.017301
0.011962
0.113844
0.516655
0.263288
0.512010
0.989615
0.276720
0.353919
0.089037
0.173123
0.552107
0.616747
0.062399
0.086207
0.247731
0.237798
0.381088
0.804849
0.113352
0.039973
0.036912
0.149724
0.184677
0.052065
0.712917
0.178741
0.114733
0.133396
0.860205
0.396720
0.663056
0.053206
0.073279
0.208725
0.249388
0.058737
0.087727
0.033076
0.030195
0.066867
0.111834
0.143505
0.368298
2.702416
0.340818
0.260778
0.195325
0.045997
0.431422
0.242265
0.430556
0.200806
0.095469
0.162282
0.065147
0.125032
1.217858
0.087200
0.364482
1.040592
0.205955
0.155408
0.045465
0.056897
1.053512
0.254243
0.156954
0.017645
0.494296
0.057612
0.276416
0.561863
0.648847
0.782908
0.119064
0.067864
0.050612
0.152968
0.167208
0.087483
0.051833
0.214869
0.218213
0.057104
0.686607
0.037214
0.196813
0.195047
0.200284
0.385348
0.290477
0.368724
0.526975
0.039152
1.346159
0.296342
0.561528
0.089033
0.256198
0.590685
0.152874
0.326032
0.823691
0.300675
0.296967
0.480409
1.018350
0.120720
1.465437
0.539596
0.199834
0.074774
0.120212
0.208861
0.490094
0.207011
0.022065
0.034059
1.120959
0.033142
0.932479
0.980651
0.377509
0.430903
0.768554
0.722953
0.499291
0.560887
1.022923
0.110604
0.210971
0.558480
0.460253
0.205055
2.365870
0.019007
0.083281
0.063877
0.165611
1.115251
1.903587
0.589520
0.218333
1.059643
0.161663
0.308050
0.505337
0.171854
0.491512
0.991727
0.172597
0.595495
0.029593
0.952254
0.252449
0.176559
1.270720
0.038781
0.289809
1.237839
0.189572
0.121993
0.244854
0.437205
0.122430
1.151958
0.988597
0.613627
0.299993
0.220476
0.107892
0.173042
0.250748
0.161031
0.293230
0.004656
0.656972
0.569325
0.618142
0.041691
0.127337
0.101429
0.332870
1.314756
0.177150
0.720114
0.015892
0.444576
0.196885
0.174366
0.433569
0.744642
1.084302
0.210235
0.284608
0.245201
0.021897
0.325570
0.542815
1.008396
0.095544
0.325864
0.634957
0.089272
0.130810
0.215918
0.456073
0.753059
0.138328
0.371445
1.303955
1.211089
0.698257
0.213059
0.481951
0.262803
0.289170
0.177947
1.953505
0.554904
0.313817
0.012701
0.156164
0.786971
0.038054
0.863135
0.232847
0.035785
0.254660
0.631090
0.020504
0.272634
0.467785
0.229134
0.139489
0.373900
0.314284
0.050663
0.892439
0.769964
0.305432
1.008954
0.384358
0.013626
1.137157
0.439389
0.065717
0.008823
0.557540
0.191773
0.056855
0.443717
0.323952
0.698478
0.368705
0.239448
0.158924
1.919745
1.210230
0.026481
1.904057
0.571495
0.116231
0.611566
0.419602
0.395968
0.821049
0.143852
0.678752
0.334761
0.189903
1.433119
0.031465
0.354381
0.740049
0.025850
0.785779
0.299386
0.322266
0.149030
0.584077
0.062069
0.265586
0.183303
0.317327
0.092452
0.312359
0.005692
0.392769
0.355818
0.062202
0.152019
0.233002
0.720294
1.913155
0.358418
0.613871
0.185006
0.936190
1.172875
1.995988
0.384814
0.035038
0.097198
0.100854
0.376249
0.170752
0.227166
0.579707
0.040416
0.011875
0.106337
0.415548
0.109803
1.052686
0.301151
0.318526
0.285420
0.025398
0.405567
0.353175
0.494453
0.162472
0.878105
0.220473
0.586590
0.000594
0.348162
1.062698
0.078706
0.000796
0.006765
0.182209
0.693476
0.098540
0.430213
0.645485
0.111611
0.889640
0.353419
0.214693
0.190888
0.075052
0.719239
0.679854
0.093174
0.023644
0.063763
0.199717
0.178722
1.104488
0.577660
0.073871
0.892766
1.296322
1.281196
0.277092
0.414380
0.950674
0.080726
2.402166
0.135845
0.172161
0.111014
0.487784
0.525940
0.103915
0.098235
2.098790
0.656607
0.125243
0.669416
0.486000
0.225022
1.131033
0.534050
0.131375
0.969818
0.178348
0.611066
0.269455
0.211664
0.090219
0.288243
0.301718
0.151664
0.105868
0.310397
0.220236
0.314098
0.573281
1.065219
0.287457
0.367458
0.039758
0.090575
0.198187
0.315142
0.094798
0.298234
0.547403
0.503487
0.767843
0.369836
0.558304
0.408759
0.044459
0.404230
0.453228
0.139231
0.635069
0.183247
0.773957
0.839481
0.219060
0.634886
0.113165
0.084444
0.772503
0.035736
0.458548
0.539958
0.271212
0.118263
0.013664
0.200320
0.205351
0.249653
0.091423
0.134420
0.105773
0.061728
0.164248
0.829035
0.825068
0.310894
0.451937
0.377382
0.348913
0.240166
0.448159
0.187417
0.150294
0.103152
0.200579
0.545836
0.015566
0.602112
0.642232
0.457351
0.430908
0.058640
0.173292
0.062132
0.277787
0.236959
0.203730
1.647322
0.215620
0.804063
0.153375
0.092697
0.195309
0.204284
0.285557
0.037802
0.405860
1.364632
0.047774
0.668989
0.191247
0.047409
0.590094
1.384250
0.517440
0.645238
0.744175
0.686069
0.251544
0.263838
0.034154
0.561198
0.946980
1.232253
1.181154
0.246146
0.563016
0.193626
0.757842
0.083691
0.025317
0.087608
0.131585
0.078724
0.275200
0.543392
0.300038
0.986455
0.067482
0.004080
0.147034
0.473682
0.081566
0.009699
0.136666
0.910040
0.134284
0.074889
0.141734
0.284217
0.633362
0.440188
0.803287
0.238081
0.095027
0.086456
0.021405
0.372436
0.158842
0.176296
0.193229
0.018056
0.201257
0.068428
0.066906
0.903968
0.079764
0.472723
0.247241
0.169163
1.411178
0.289805
1.018271
0.098200
0.313851
0.110537
0.644799
0.026127
0.109724
1.169593
0.306322
0.249264
0.162859
1.506732
1.443166
0.270774
0.267698
0.056942
0.221403
0.082845
0.328980
0.189758
0.827809
0.446391
0.650086
0.478774
0.111572
0.264771
0.166253
0.235625
0.032805
0.785824
1.352275
1.142881
0.068432
0.021758
0.255841
0.769627
0.376349
0.412533
0.017393
0.014155
1.093000
0.259521
0.245483
0.251709
0.224370
0.208210
0.043809
0.134129
0.104618
0.044591
0.224500
0.436688
0.946106
0.561583
0.636850
0.146458
0.398819
0.059784
0.150138
0.149233
0.353724
1.703588
0.014505
0.087595
0.249864
0.514282
0.734229
0.100766
0.001351
1.089981
0.047015
0.222386
0.116312
0.060336
0.481559
0.281063
0.187788
0.168266
0.947802
0.801546
0.021545
0.734008
0.071382
0.104267
0.261722
0.388997
0.315794
0.046379
1.567482
0.572369
0.379583
1.445783
2.434760
0.355845
0.228537
0.408035
0.540736
0.012609
0.480578
0.261015
0.366229
0.056836
0.018223
0.308900
0.143564
0.658247
1.394858
0.339547
1.018250
0.118906
0.171514
0.162052
0.181933
0.013800
0.222905
0.274535
1.446986
0.185697
0.116717
1.316111
0.564237
0.027340
0.120233
0.138506
0.593844
0.139018
1.026847
0.490525
0.806191
0.750896
0.447213
0.302365
0.961391
0.088809
0.339184
0.295997
0.134731
0.324133
0.102388
0.426734
0.062810
0.507765
0.398929
1.291511
0.401214
0.494261
0.372351
0.601978
0.439783
1.339759
0.864253
0.578302
0.020797
0.031822
0.613367
0.922106
0.083146
0.730285
0.001971
0.221974
0.112889
0.941542
0.047772
0.187551
0.742127
0.367378
0.771368
0.296396
0.039481
0.153299
0.399971
0.252208
2.171794
0.329927
0.226971
0.367830
0.188639
0.168767
0.138813
0.203251
1.287366
0.184320
0.738521
0.209473
0.223686
1.022478
0.469509
0.160552
0.060808
0.979918
0.150484
0.591080
0.865355
0.186489
0.180108
0.033395
0.557525
0.056522
0.414464
0.014766
0.061028
0.528030
0.122886
0.016562
0.054624
0.109738
1.644105
0.094696
0.068529
0.088811
0.186383
0.149102
0.360161
0.246576
0.341433
0.529135
0.394419
0.012859
0.060741
0.431225
0.287767
0.095582
0.914400
0.369278
0.297284
0.288302
0.984724
0.494747
0.527320
0.471599
0.327456
0.250620
0.346615
0.939525
0.332960
0.044965
0.142693
0.605426
0.108496
0.092059
0.078952
0.558419
0.559883
0.882112
0.400971
0.701115
0.105124
0.411045
0.267641
0.468573
0.946193
0.066577
1.353029
0.395879
0.049603
0.235464
0.445156
1.256698
0.654984
0.405875
0.589640
0.114665
0.913331
0.076188
0.375546
0.028263
0.782184
0.036194
0.712776
0.477458
0.293653
0.143807
0.448234
0.314656
0.406773
0.151573
0.063754
0.277268
0.481617
0.075813
0.596942
0.382905
0.000270
0.028651
0.310400
1.017890
0.019686
0.804080
0.417520
0.305277
0.246180
0.334659
1.517685
0.007126
0.175958
0.033510
0.026615
0.077972
0.340896
0.344189
0.086093
0.443135
1.152791
0.266636
0.171019
0.780246
0.966130
0.269923
0.043473
0.797734
0.310881
0.077831
0.980576
0.040950
0.142648
0.924490
0.387888
0.338936
0.308391
0.343081
0.347915
0.231753
0.565729
0.231362
0.615703
0.304297
0.356079
0.144923
0.125646
0.727956
0.703426
1.772184
0.013796
0.813495
0.504428
0.269041
1.149788
0.686651
0.524140
0.505230
0.439163
1.243949
0.344959
0.228909
0.111870
0.311068
0.030288
0.448580
0.117100
0.458240
0.584299
0.165538
0.996457
0.192135
0.056372
1.422562
0.156656
0.208901
0.033897
0.349167
1.477979
0.228004
0.200389
0.338358
0.589499
0.383536
0.565846
0.057217
0.752329
2.235507
0.007229
0.411881
0.022051
0.232479
0.169833
0.683398
0.158163
0.649411
0.479584
1.296221
0.517497
0.389734
0.096447
0.089318
0.197222
0.594347
0.493070
0.130831
0.070486
0.443436
0.581963
0.374391
0.029166
0.385262
0.338347
0.314388
0.111725
0.276980
0.239085
0.314954
0.047879
1.411220
0.157049
0.501614
0.189515
0.101547
0.040293
0.239668
0.047489
0.579086
1.923023
0.116019
0.288816
0.144052
0.008025
0.371003
0.457433
0.194021
0.225734
0.278523
0.238225
0.258338
0.118563
0.536267
0.618139
0.344175
0.028137
0.052161
0.193962
0.050440
0.124469
0.764754
0.038620
0.168754
0.199053
0.449387
1.105781
0.548737
0.413733
0.410155
0.204422
0.121215
0.449972
0.194703
0.006276
0.451644
0.308435
0.030433
0.207083
0.045391
0.590729
0.968799
1.243559
0.247874
0.207172
0.208500
0.010417
0.131810
0.598858
0.266509
0.216815
0.600042
0.077484
0.083818
0.188817
0.133556
1.068743
1.225505
0.317444
0.213236
0.063206
1.629417
0.141013
0.420023
0.351945
0.012745
0.296476
0.139220
0.267441
1.106964
0.539255
0.602771
0.558293
0.193348
0.485003
0.271740
0.673996
0.609092
0.217868
0.139812
0.852067
0.170485
0.167595
0.112310
1.150046
0.724318
0.039621
0.067150
0.151896
0.359021
3.141803
0.256999
0.194463
0.314107
0.106905
0.298110
0.319474
0.994916
0.215949
0.194944
1.282001
0.003391
0.772302
0.338967
0.330524
0.152074
0.631541
0.858597
0.821856
0.396975
0.098603
0.229880
0.077745
0.335501
0.511470
0.141452
0.903401
0.255845
0.586259
0.299363
0.858273
0.789982
0.408532
0.109719
0.029249
0.776752
0.157460
0.426100
0.376690
0.099147
0.594806
0.070442
0.691048
0.023391
0.176403
0.804133
0.385120
0.145239
0.016936
0.236738
1.636395
0.548939
0.076257
0.328625
0.662103
0.456584
0.275967
0.513719
0.146610
0.068950
0.440705
0.302423
0.522098
0.687979
0.567145
0.224328
0.110958
1.525870
0.180582
1.103652
0.173780
0.499386
0.182617
0.451391
0.434670
0.463969
0.017573
0.337230
1.019950
0.292241
0.194502
0.040369
0.000894
0.000915
0.078917
0.046199
0.186815
0.286998
0.204792
0.230370
0.373304
0.289847
0.127200
0.260959
0.080440
0.429877
1.961908
0.418043
0.032353
1.104446
0.070346
0.101658
0.135378
0.766095
0.943606
0.020200
0.369019
0.002536
0.475701
0.005038
0.973508
0.233516
0.085113
0.188774
0.064671
0.165771
0.385013
0.045801
0.667753
0.382767
0.165770
0.219624
0.512193
0.072328
0.278047
0.252671
0.852902
0.034433
0.096842
0.367128
0.060425
0.114342
0.109524
0.783366
0.179182
0.295402
0.339289
0.088190
0.013089
0.041578
0.211777
0.787776
0.668832
0.281551
0.104405
0.023158
0.074043
0.629421
0.437250
0.225846
0.309597
0.125278
0.555798
0.914137
0.619536
0.308465
0.139933
0.108085
0.315409
0.160007
0.325010
0.538597
0.213257
0.314922
0.365355
0.959643
0.601348
0.305270
0.011631
0.259352
0.091591
0.041653
0.231896
0.399560
1.073358
0.272519
0.320838
0.564034
0.237333
0.454694
0.085540
0.563027
0.421820
0.403738
0.371305
0.836184
0.003021
0.668917
0.440714
0.195380
0.653705
0.281417
0.128051
0.333793
0.584148
0.327472
0.240763
0.191442
0.200884
0.022706
0.024940
0.174620
0.519571
0.246238
0.254077
0.015383
1.460661
0.084839
0.155078
0.977653
0.142383
1.107747
0.527201
0.114436
0.483964
0.068375
0.881592
0.355209
0.461051
0.825586
0.187708
0.045311
0.468257
0.221246
0.220662
0.678221
0.101171
0.077815
0.362069
0.387953
0.251735
0.043265
0.205072
0.805875
0.560371
0.084982
0.455797
0.340760
1.134264
0.177031
0.361705
0.310192
0.668418
0.356494
0.108391
0.194684
0.380218
0.124088
0.070751
1.291694
0.613060
0.095315
0.169153
0.079384
2.265939
0.137426
0.049017
0.723066
0.417082
0.005975
0.135931
0.063048
0.346619
0.374597
0.317693
0.052518
0.427727
0.090264
0.391466
0.634551
0.505187
0.370849
0.077581
0.429305
0.084533
1.245644
0.886956
0.046961
0.349239
0.974883
0.125581
0.001049
0.406073
0.503793
0.838526
0.144538
0.309926
0.207189
0.152535
0.057924
0.851633
0.373577
0.069588
0.247325
0.193594
0.039252
0.233587
0.051948
0.082808
1.143863
0.788051
0.670333
0.543081
0.141862
0.176709
0.481684
0.443950
0.738018
0.559688
0.310108
0.412538
0.692769
0.225635
0.121523
0.305614
0.956524
0.398023
0.108066
0.437107
0.645595
0.433981
0.620310
0.021408
0.567869
1.149199
0.788521
0.487157
0.024134
0.436039
0.023675
1.911127
0.014946
0.174910
0.765463
0.074069
0.079645
0.083067
0.668894
0.413870
0.017734
0.378947
0.379934
0.394989
0.833968
0.454951
0.272580
0.394757
0.311637
0.109680
1.426271
0.110003
0.045677
0.157242
0.077735
0.941612
0.289746
0.195400
0.174732
0.991491
0.167134
0.230358
0.256566
0.514754
0.071498
0.025175
0.485186
0.159457
0.336399
0.012630
0.066867
0.087523
0.702187
0.376437
0.252036
0.102651
0.024589
0.381678
0.071857
0.241526
0.348988
0.889002
0.000411
0.019012
0.387425
0.030623
0.488742
0.205850
0.888167
0.629367
0.466512
0.687352
0.165685
0.043213
0.197088
0.152354
0.365071
0.090248
1.512354
1.993881
0.478555
0.415236
0.358480
0.145968
0.138829
0.281185
0.070149
0.073926
0.969426
0.334361
0.428878
0.468921
0.337811
0.228915
0.630176
1.294822
0.040392
0.229281
0.318810
0.290608
0.248020
0.537546
0.438952
0.656880
0.340030
0.085322
1.613164
0.492646
0.791203
0.152404
1.181706
0.050367
0.050489
0.021089
0.324307
0.175701
0.902574
0.044682
0.901016
0.023977
0.158835
0.230202
0.689230
0.245148
0.054198
0.303268
0.048127
0.360053
1.073700
0.033939
0.223708
0.283918
0.035848
0.175983
1.170957
0.073749
0.343039
0.276684
0.418804
0.714458
0.283556
0.578222
1.048296
0.556938
0.251868
0.093731
0.612589
0.085493
0.025670
0.129763
0.005544
0.233195
0.238040
0.439931
0.093492
0.857822
0.144218
0.035518
0.690619
0.302569
0.430797
0.074771
0.073683
0.095927
0.219093
0.116577
0.594449
0.066594
0.325958
1.107171
0.159173
0.575611
1.062638
0.595573
0.554004
0.105026
0.399989
0.023425
0.102337
0.452094
0.222398
0.001793
0.013736
0.462975
0.367975
0.648232
0.231606
0.530510
1.071766
0.063394
0.181149
0.771110
0.567023
0.331307
0.720616
1.519718
0.326950
0.131026
0.278941
0.136022
0.138909
0.298438
0.025561
0.022602
0.185035
0.048695
0.280529
0.128434
0.495306
0.022897
1.608726
0.165399
0.171505
0.584237
1.488612
0.269471
0.571720
0.027998
0.209885
0.253890
0.703193
0.213033
0.227990
0.243950
0.288096
0.034175
0.283464
0.191158
0.089696
0.387077
0.015306
0.061740
1.691112
0.173851
0.645222
1.423445
0.776528
0.634624
0.039401
0.769189
0.110294
2.037381
0.007154
0.447712
0.228072
0.123401
0.166698
0.506548
0.034758
0.546886
0.125174
0.221804
1.193447
2.564511
0.703829
0.715162
0.185704
0.385370
0.577939
0.107824
0.495436
0.077041
0.441425
1.275147
1.248678
0.759059
0.085816
0.397002
0.105016
0.213777
0.526606
0.062245
0.448695
0.251133
0.711226
0.363546
0.772423
1.164924
0.646156
0.497306
0.042186
0.083126
0.026000
0.338993
0.097815
0.153329
0.198468
0.075279
0.138192
0.130982
0.853866
0.103677
0.050856
1.184663
0.061403
1.062789
0.173305
0.363537
0.358428
0.928140
0.296884
0.037873
0.227730
0.165531
0.298259
0.310937
1.493397
0.293172
0.134512
0.290824
0.155848
0.064416
0.042238
0.432151
0.065839
0.100665
0.144101
0.219209
0.946011
0.122367
0.395811
0.391691
0.809013
0.409722
1.059570
0.233781
0.023241
0.328685
0.000102
1.140683
0.141470
0.278139
0.412126
0.047852
0.180306
0.182579
1.229253
0.065134
0.678770
0.443792
0.521167
0.659664
0.268481
1.284654
0.317260
0.173749
0.022912
0.050036
0.274832
0.463983
0.039170
0.025232
0.526213
0.030026
0.004500
0.361256
1.544136
0.380780
1.301610
0.105017
0.505977
0.323191
0.208267
0.348830
0.475137
0.068080
0.447356
0.742133
0.023039
0.011901
1.028181
0.437240
0.240568
0.014245
0.488070
0.636281
0.192817
0.416322
0.582085
0.015510
0.297531
0.081482
0.380263
0.132560
0.050559
0.343343
0.081673
0.359717
0.260417
0.572420
0.117324
0.831108
0.323918
0.673194
0.452662
0.056923
0.104808
0.163963
0.232148
0.171350
0.581376
0.501367
0.004542
1.017015
0.527142
0.338506
0.736399
0.005823
0.316405
0.558405
0.902710
0.139456
1.206364
0.392418
1.716554
0.320534
0.933909
0.344206
0.280541
0.788922
0.469897
0.321605
0.276875
0.255555
0.169004
0.209892
0.454588
0.041579
0.689835
0.658629
0.092442
0.484459
0.369601
0.354242
0.024594
2.030413
0.100108
0.830583
1.786443
0.624627
0.189161
0.021172
0.020984
0.574253
0.833103
0.855337
0.555258
0.130122
0.834723
0.346615
0.479155
0.043664
0.762570
0.171085
0.251556
0.522973
0.217464
0.488861
0.903457
1.097735
0.010715
0.553244
1.589670
0.802130
0.439555
0.081106
0.033750
0.364144
0.548686
0.378579
0.010661
0.084660
0.768978
0.025118
0.203332
0.125655
0.219072
1.012463
0.881288
0.240538
0.028841
0.093218
0.012478
0.212317
0.730902
0.231693
0.078368
0.085053
0.038964
0.474677
0.179732
1.022938
0.456197
0.301690
0.326254
0.003038
0.130873
0.178107
0.011344
1.890237
0.221549
0.184249
0.446614
0.686363
0.248566
0.499305
0.544630
0.046777
0.529154
0.574998
0.840993
0.093994
0.167685
0.225740
0.487547
0.598365
0.023887
0.039521
0.149089
1.188114
0.657356
0.179321
0.034721
0.146306
0.233674
0.071645
0.339739
0.304834
0.088526
1.359949
0.158936
0.363873
0.349623
0.211229
2.166376
0.426792
0.190045
0.337371
0.190373
0.132366
0.176343
0.720130
0.060357
0.309318
0.141564
0.790540
0.039823
0.267279
0.172450
0.201999
0.684991
0.431798
0.035498
1.420565
1.021272
0.024704
0.067243
0.347104
1.306947
0.081057
0.028558
0.200056
0.085883
0.199165
0.175491
0.354275
0.076500
0.208946
1.079642
0.106356
0.540046
0.187927
0.378348
0.003249
0.641898
0.476209
0.135681
0.578534
0.124575
1.013594
0.092181
0.575865
0.015863
0.589380
0.048799
0.448225
0.021112
0.419886
0.275510
0.266812
0.383100
0.102504
0.456934
0.214535
0.021658
1.544980
1.136526
0.018372
0.279822
0.423052
0.084710
0.395139
0.070358
0.096154
0.007633
0.396026
1.652023
0.207799
0.183470
0.162310
0.065613
0.155880
0.466989
0.398978
0.156498
0.241516
0.804672
0.070848
1.001611
0.516118
0.267329
1.054200
0.782773
0.083490
0.389172
0.212176
0.712713
0.046471
0.290733
0.017964
0.556082
0.097592
0.321421
0.481516
0.682672
0.218197
0.163098
0.962080
0.979814
0.205365
0.893877
0.977057
0.125445
0.770305
0.005268
0.236588
0.021872
0.334652
0.632392
0.474290
0.320573
0.013296
0.073751
1.219741
0.433154
0.247165
0.004637
0.318203
0.739026
0.102376
0.303524
0.285518
0.412834
0.358657
0.704933
1.392456
0.486547
0.496590
0.267116
0.162488
0.511766
0.095655
0.112007
0.426068
0.895026
0.072232
0.143298
0.032799
0.093436
1.093464
0.031322
0.559175
0.597288
0.119353
0.179240
0.060780
0.351536
0.109258
0.031036
0.300828
0.076378
0.024844
0.310970
0.017732
2.324983
0.325400
0.352556
0.259526
0.215314
0.358722
0.047733
0.496374
0.782253
0.280361
0.548079
0.560429
0.434271
0.119609
0.539526
0.133903
0.650820
0.140876
0.284946
0.280591
0.379603
0.047151
0.026901
0.933780
0.149515
1.643850
0.410460
0.186259
0.343560
0.488316
2.830818
0.812279
0.896933
2.993036
0.546277
0.280510
0.101912
0.821252
0.116717
0.214120
0.426388
0.075944
0.047909
0.508292
0.230333
0.516700
0.568819
1.611358
0.171650
0.050954
0.150891
1.355453
0.071809
0.535324
0.237995
0.638309
0.786554
0.275861
0.331675
0.155280
0.041199
0.041581
0.111702
0.111105
1.216076
0.018161
0.729062
0.025490
1.702566
0.461788
0.145399
0.389686
0.532113
0.709070
0.063196
1.022912
0.553976
1.012799
0.029352
1.100525
0.604463
0.077534
0.581910
0.493361
0.229008
0.455449
0.122304
0.070235
0.208025
0.766495
0.081955
0.109280
0.249987
0.381725
1.031121
0.377205
0.132381
0.156722
0.451899
1.036985
1.079488
0.341104
0.132444
0.749579
0.086853
0.908741
0.132488
0.061364
0.010415
0.229311
0.172381
0.506265
0.790855
0.223427
1.100361
2.134670
0.177474
0.076539
0.028389
0.121579
0.163602
1.906278
0.145624
0.067641
1.186801
0.367388
0.415251
0.664410
0.250598
0.600681
0.379923
0.036700
0.003302
0.584300
0.006506
0.593867
0.184380
0.982812
0.018080
0.020359
0.957869
0.089580
0.583106
0.085775
0.340186
0.088524
0.303275
0.520900
0.335393
0.790664
0.150862
0.315075
0.394477
1.022759
0.432859
0.009362
0.260362
0.005254
0.154155
0.933177
0.177847
0.212033
1.026793
0.486950
0.046149
1.734104
0.428666
0.840000
0.698712
2.017563
0.072809
0.029119
0.008461
0.280483
0.000096
0.563388
0.057910
0.626201
0.144908
0.258547
0.025388
0.064705
0.000361
0.362484
0.015101
0.049547
0.196772
1.350675
0.296987
0.349410
0.147072
0.002739
0.009097
0.302675
1.619693
0.404808
0.130474
0.180951
1.275594
0.095906
0.926026
0.224069
0.512196
0.279154
0.020232
0.055425
0.661685
0.391805
0.412888
1.105546
0.764474
0.201839
1.162771
0.273152
0.365166
0.064805
0.481819
0.115339
0.024832
0.304152
0.029763
1.104224
1.498351
0.556738
0.068359
0.267493
0.187624
0.875217
0.576485
0.141253
0.780142
0.075610
0.143787
0.011806
0.111447
0.539781
0.032114
0.140016
0.668022
0.041607
1.107315
0.099762
0.575312
0.179435
0.238901
0.155994
0.315787
0.236619
0.227931
0.298408
0.047518
0.365402
0.118487
0.250291
0.190527
0.041003
0.162448
0.392806
0.004217
0.076329
0.997595
0.225267
0.012101
0.526251
0.462889
0.364669
0.016192
2.838236
0.010900
0.423309
0.239926
0.737807
0.301975
0.240927
0.500671
0.032219
0.517857
0.969467
0.222780
0.271013
0.224562
0.198714
0.394505
0.337655
0.513038
0.409851
0.043096
0.580669
0.315668
0.067320
1.093501
0.096889
0.543420
0.168357
0.519816
0.407131
0.043533
0.362279
0.416038
0.271571
1.099895
0.015387
0.432333
0.041080
0.271628
0.068361
0.789764
0.173438
0.156484
0.082135
0.357266
0.096261
0.390924
0.310273
0.046031
0.067980
0.051621
0.018111
0.465041
0.294268
0.398060
0.349670
0.700748
0.457791
1.134882
0.452902
0.533913
0.325245
0.048968
0.327173
0.113533
0.216251
0.366556
0.072540
0.159120
0.638689
0.788832
0.562865
0.074671
0.183823
0.777917
0.771790
0.432750
0.930338
0.920960
0.626389
1.045602
0.217032
0.846532
0.067987
0.352938
0.392959
0.262448
0.125762
0.411395
0.281520
0.335543
0.561709
0.278400
0.263338
0.559368
0.820559
0.563785
0.740828
0.494092
1.610826
0.114765
0.059750
0.073617
0.477904
0.039511
0.023481
0.951549
0.329312
0.022689
0.275731
0.249650
0.009794
0.271220
0.133267
0.524622
0.260603
0.738019
0.148826
0.398784
0.766934
1.155180
0.107247
2.007639
0.028605
1.370033
0.506832
0.136540
0.633959
0.042711
0.578280
0.058862
0.177231
0.069430
0.542502
1.487371
0.044263
2.370758
0.087618
0.107389
0.401977
0.016847
0.161615
0.835529
0.189527
0.181657
0.377479
0.490374
0.565297
0.252259
0.459100
0.161577
0.604210
0.007721
0.285562
0.055182
