0.115433
1.504125
1.154375
0.235571
0.547247
0.477530
0.843507
1.243669
0.078849
0.023006
1.445166
0.453588
1.149330
0.001687
0.471588
1.022785
0.207807
2.324285
1.853570
0.024854
0.020620
0.623683
2.239464
0.383984
0.195289
0.438706
0.023577
0.200506
0.460843
0.547845
0.212303
0.209993
0.197520
0.492362
0.273746
0.017379
1.454046
0.650364
0.822436
0.164544
3.918926
1.572585
0.103076
0.323607
1.022625
0.993594
2.204624
0.438693
1.417733
0.887671
0.289199
0.708572
1.712911
1.497668
0.563017
0.711334
0.028109
0.222439
1.277234
0.427977
0.151968
0.636673
0.971328
0.897879
0.375623
0.462373
0.568115
1.205659
0.588741
0.399717
0.538195
0.024017
0.035569
0.972248
3.268516
0.719515
0.400172
0.149400
0.558107
3.217320
1.177562
0.620558
1.574548
0.211356
0.576862
2.437071
0.689811
0.491664
0.250979
0.635252
2.519410
0.004580
1.224706
1.374001
1.738507
1.079209
1.324972
0.584976
0.659257
0.444227
0.046208
1.632239
0.675175
0.178354
0.562106
0.530754
0.353027
0.339814
0.618582
0.781447
0.758333
0.490208
0.022699
0.208682
0.156045
0.702543
1.578676
1.281330
1.276024
1.356159
0.235813
1.474837
0.894514
0.069523
0.013465
0.011734
1.127116
0.229676
0.092768
0.784241
0.337791
0.057640
0.139126
0.599572
0.147278
0.254969
0.994698
0.485138
0.310888
0.513615
0.019135
0.390934
0.437050
0.166643
0.092115
1.840617
0.570869
0.187658
0.744410
1.358789
0.016830
0.014421
0.126692
1.015052
0.139699
0.975555
0.907000
0.629443
0.199384
2.970358
1.278841
0.581528
0.202054
0.836451
0.401887
0.686127
0.309997
0.797454
0.048467
0.283748
2.751202
1.666980
0.292672
1.564446
0.297273
2.241297
1.089569
0.430519
0.232665
0.006813
1.687709
0.030923
1.369239
2.620381
0.675698
0.150527
1.618637
2.912841
0.973979
0.568843
0.379812
0.340858
0.184297
0.897062
0.453846
0.172655
0.088231
0.877190
0.280864
0.554198
0.314844
1.642218
1.839498
0.014607
0.179368
0.317689
3.477310
1.221182
0.331317
0.191652
0.897804
1.454652
2.152807
0.337092
1.712327
0.929523
0.530092
3.387339
0.213928
1.034142
0.070785
0.148769
1.935185
0.191589
1.138752
0.733450
1.471746
0.367229
0.332758
0.275363
1.616454
0.741038
2.468656
1.746173
0.116341
0.640890
0.088097
0.031939
0.060808
1.608938
1.241375
1.410565
0.333501
0.763996
1.218254
0.379903
0.676631
0.202587
0.068223
0.248186
1.771426
0.664911
2.072931
0.489651
0.259679
1.237226
1.407131
0.009967
0.887929
0.076930
0.097827
1.730677
0.032677
0.219164
3.548916
0.437181
0.098239
0.146546
0.221046
1.090082
0.086812
1.933180
0.380209
2.812318
1.919477
0.278539
0.233791
0.518554
0.084403
0.844558
0.032341
0.008449
3.240276
0.280270
0.726203
0.478044
0.300664
0.052028
1.957091
2.800282
2.799838
0.094453
0.193854
0.769463
3.127736
0.626306
0.932289
0.867376
0.239897
0.624014
0.293751
0.226295
0.067896
0.263678
3.277561
0.475224
0.844466
0.825061
2.260583
0.396065
0.293131
0.317095
0.304698
1.502559
1.791690
0.288557
0.325573
0.628606
0.692070
0.724998
0.224934
0.016468
0.223516
0.060061
0.640951
0.058845
0.062481
0.807124
0.274918
1.256885
0.543807
1.588172
0.133959
0.556808
1.267732
0.064194
2.384327
0.152195
1.197634
3.354230
1.378758
0.308276
0.090425
0.577827
2.014178
0.277934
1.793635
0.122223
1.930650
0.025820
0.303918
1.867164
1.303126
1.901448
1.469666
1.096919
0.935902
0.156963
0.453406
0.137482
1.003720
0.881563
0.232909
0.053266
2.645857
1.321261
0.637509
0.623623
1.524620
0.483098
0.402961
0.330801
0.238692
0.019769
0.831759
0.431221
0.676300
0.051479
0.350734
0.119064
0.106943
0.239926
1.412566
0.405729
0.410105
0.758318
0.212767
0.006004
0.601811
0.555958
0.837210
0.461454
0.927998
1.051691
0.217840
0.546672
0.521338
0.203978
0.425158
0.657526
1.899604
1.997971
0.257516
0.831705
0.039518
0.059392
0.573447
1.679220
0.138976
1.162043
1.716531
0.298943
0.943572
1.512333
0.371681
0.966606
1.066713
0.722261
1.551895
1.815354
2.576679
0.677473
0.155136
0.230781
0.196330
0.674279
1.134228
0.042833
0.915649
1.010280
0.342146
0.578977
0.144065
1.047159
0.033248
3.180015
1.319974
0.792054
0.249062
1.952218
2.563955
0.119846
1.196021
1.475778
0.862383
0.964266
0.471114
2.064864
2.838113
0.385471
1.298471
0.453806
0.144023
0.314988
0.108042
1.916504
2.563664
0.101528
0.734392
0.419702
0.100532
0.280186
0.228245
1.107682
0.003214
0.168418
0.462104
0.017007
0.790072
0.744368
1.443061
0.185148
0.268134
0.625302
0.255311
0.705005
0.231087
0.920414
1.252684
1.322940
2.908001
0.630629
0.539946
1.548676
1.172503
0.676190
0.386642
0.267313
0.091556
1.318331
0.100515
1.100332
0.630471
2.680677
1.145253
2.905086
0.117496
0.555112
0.679987
0.298303
0.559384
0.353063
0.601289
0.000676
0.467168
0.477618
0.290844
0.407865
1.222608
0.920125
0.542290
0.834546
0.379284
0.182438
0.003107
0.260165
0.729369
1.707375
1.414847
0.572249
3.475362
0.495295
1.439479
0.420704
1.092035
3.511511
0.291462
0.149365
0.774138
0.605647
0.356308
0.002820
0.394340
0.443919
0.415694
1.580038
0.702480
1.058898
1.825514
1.105120
0.542925
1.095608
0.818111
0.836995
0.794700
0.418047
0.793808
0.803513
2.213196
1.220348
1.498036
1.167091
1.351330
0.744033
0.343950
0.245854
0.984856
1.656811
0.628643
0.131966
1.431691
0.530161
0.503541
0.037160
0.571139
1.092402
0.439373
0.351024
0.855655
0.015951
0.566062
2.336902
0.938102
0.411230
0.934134
0.743083
0.187454
0.186261
1.737423
0.250749
0.062270
1.420761
0.592523
0.367356
0.573164
1.067647
0.147671
0.846899
0.999837
1.349934
0.251506
0.752603
0.211291
0.658686
0.151344
1.247633
1.612230
0.319957
0.201151
2.654701
0.981221
1.485257
0.024808
1.837229
0.779246
0.304457
0.452177
1.147021
1.231228
0.168479
0.786557
0.144862
2.891013
0.468981
1.954812
1.042292
0.745651
0.243032
0.598239
0.119375
0.118891
1.006320
0.358393
1.113452
0.220069
1.013127
1.014033
0.291646
0.089985
0.404681
0.542389
0.084265
0.165384
0.045547
0.728075
1.757688
0.195246
0.028264
0.973710
1.349533
2.662096
0.759834
0.335379
1.455479
0.100511
0.943780
0.080060
0.408268
0.546594
0.379716
0.147713
0.210878
1.372506
0.496774
0.693872
0.190511
1.004031
0.320522
0.720370
1.921810
4.147050
0.037856
1.277386
1.559224
0.308029
0.386500
0.694484
2.009068
0.408565
1.696412
1.136909
0.132157
1.959754
0.012238
0.125490
0.874449
0.047053
0.381771
0.111390
0.497241
1.465967
1.892287
0.028891
0.050226
1.469191
0.035007
0.255713
0.099940
0.076361
0.022409
0.811813
1.091984
0.928658
1.494685
0.870176
0.395046
0.797704
2.794514
0.820892
0.222811
0.049657
2.188740
0.714246
0.344152
0.743810
0.657253
0.590803
0.050185
0.348609
0.425708
0.177883
1.696913
0.441484
0.868681
1.000143
1.087825
1.021565
1.116134
0.231834
2.997331
0.130966
2.007170
1.542442
1.529323
0.043406
0.076520
1.341556
0.506646
0.369950
3.343267
0.032756
0.606516
0.468655
0.109759
0.402270
0.983836
1.711799
0.019942
0.594727
0.075780
1.289126
0.071752
0.027833
0.387913
1.055226
0.300578
0.111414
1.266129
1.315718
1.549575
0.289631
0.442472
0.225243
0.651669
0.320510
0.330794
1.224581
2.504255
0.701926
0.088466
0.845765
0.476253
3.540319
1.016607
1.440411
0.966616
0.613640
1.817012
1.425212
0.275488
0.136661
0.370075
0.588973
0.081963
0.338959
0.684355
0.035642
1.349698
0.842415
0.301094
0.283423
0.347853
0.314776
1.104294
0.556211
0.597455
0.128846
1.966624
0.315113
0.317479
0.057065
3.106421
0.522676
1.952419
2.100630
2.798664
1.352645
2.076955
2.043810
1.293040
0.115633
0.593386
0.685671
3.914018
1.225791
0.970993
1.098384
0.359004
2.282186
0.825139
0.412101
0.499750
3.119875
0.607649
0.146944
0.128468
0.929861
0.661847
1.898460
0.163262
0.423611
1.041446
0.041123
0.083598
0.631212
0.247102
0.090479
0.242721
0.800045
0.597876
0.065399
0.060479
1.521047
0.824551
0.152316
1.583440
0.017673
0.367225
1.505153
0.991068
0.266983
1.775195
0.729198
1.604913
1.786398
0.443326
0.900623
0.629046
2.316496
1.280227
1.035172
1.345746
5.038371
0.237175
0.179880
1.098806
1.176898
0.577705
0.534102
0.413667
1.714395
1.272618
0.702806
0.032757
1.523808
0.490661
0.168340
0.284602
0.940398
0.004418
0.102307
0.288378
1.745650
1.099051
2.826643
0.626508
0.678846
0.641258
0.596609
0.624780
1.365498
2.452387
0.419805
0.795327
0.294257
0.287526
0.564690
0.706029
0.638796
3.003322
0.142317
0.809943
4.166929
1.065855
0.667600
0.367553
0.411517
2.205663
1.805558
0.886146
1.832113
2.073961
1.498429
0.386849
0.499441
1.271346
0.372979
1.107002
0.525329
0.328231
0.487263
0.099100
0.350180
0.429181
0.014664
0.151065
0.241136
1.560889
0.712454
0.270782
4.869217
0.238639
0.576889
1.076183
0.940362
0.454626
1.200459
0.532105
1.005519
0.540838
2.846132
1.007532
0.076660
0.110923
2.717321
0.208291
0.021187
0.233592
0.522814
2.432058
0.407501
1.028452
1.438363
0.074712
0.757177
4.375163
0.638088
0.611691
0.340578
2.336580
2.794630
0.087111
0.643860
0.435270
0.890931
0.101037
0.246672
0.261419
0.522700
1.261123
1.560684
1.235009
0.903604
0.072984
0.395066
0.883789
0.278793
0.567126
1.883763
0.098781
1.538643
0.089487
0.390683
1.886389
0.179716
0.588414
0.431111
1.751029
3.869147
0.272408
0.542570
1.803075
0.629607
0.193275
1.140568
0.328892
0.532386
0.006879
3.605495
0.856679
2.080931
2.770934
0.249070
0.622156
0.464214
1.141211
1.478083
0.207597
0.256787
0.980052
0.424337
0.111595
0.173839
0.658330
0.730027
2.576533
0.608764
0.751199
0.128938
0.427278
0.262571
0.951065
0.248550
0.193046
0.366693
0.508732
0.330469
0.744580
0.159936
1.695613
0.947784
0.612167
0.047938
0.315628
0.937224
0.828655
1.336856
1.776867
0.303097
0.544549
0.320432
0.109501
0.120767
0.237076
0.073717
0.619183
0.971010
0.662391
0.923554
0.205203
0.177919
0.670677
1.725304
0.438911
0.003397
0.016204
0.291425
0.764388
0.070685
0.203409
0.913276
3.359335
0.333714
0.735314
0.584563
0.018717
0.320184
0.120139
0.231023
1.175675
0.914560
0.033510
0.064426
1.032581
0.087147
0.305032
0.251043
0.040838
0.025333
0.119761
0.407764
2.170921
0.813725
0.221722
0.910658
0.255760
0.579278
0.310683
2.375598
0.347539
1.301930
0.819976
1.482868
0.745449
1.634549
0.415574
0.909058
0.775410
0.600170
0.664898
0.613886
0.400398
1.828735
0.801325
0.637249
0.044359
0.568280
0.154040
0.193681
0.456195
0.631650
0.230585
0.252793
0.604267
0.512799
0.413056
0.087632
0.374057
0.850028
0.628559
0.629532
1.485387
1.027461
0.923104
0.024709
0.294683
0.917601
0.135467
1.957839
0.122452
1.690375
0.194951
1.474054
1.508310
0.326934
1.755648
0.139262
1.512961
0.384670
0.463451
0.100323
0.735046
0.251501
0.879400
1.285106
0.740435
0.006575
2.434850
2.017401
0.823871
0.381792
0.660272
1.715181
0.492251
1.208464
0.730156
0.438932
2.168762
0.419981
0.744675
0.043797
0.509056
0.030506
0.974276
0.000472
0.034381
0.094239
0.120263
0.567549
0.352404
0.252759
3.289531
1.917516
0.851050
1.295942
1.370544
0.225014
1.321401
0.219351
0.661081
0.354181
0.138207
1.199945
1.984811
0.301151
1.694629
0.340032
0.857316
4.376157
1.182976
0.045821
0.456563
0.377673
0.278435
1.354845
0.465314
0.961155
0.806135
0.585503
0.046130
0.894322
1.775943
0.151186
0.823443
0.534669
0.333607
0.991478
2.957496
0.017522
1.820799
0.386618
1.435884
0.153618
1.008693
0.084019
0.327109
2.802815
0.855124
1.227924
0.494885
0.509666
0.542804
1.186792
1.027712
0.172307
0.464719
0.624751
0.677838
2.091330
1.464802
0.129903
0.377439
0.092304
0.021259
0.062011
0.161659
1.162211
0.880222
1.279079
0.272308
0.135219
2.863311
1.399075
2.346688
0.015173
0.404070
0.803657
1.065671
1.950271
0.617288
0.396477
0.004271
1.303155
3.220957
1.902247
0.868403
0.335419
0.218656
1.193394
2.191996
2.581649
0.154487
0.704262
0.575787
0.446089
1.265461
2.196382
1.031697
0.963994
0.938534
0.848029
0.615598
0.227925
1.209403
0.101443
0.826008
0.391496
0.656716
0.820519
0.521487
3.056800
0.218701
0.009794
2.485474
0.299182
0.260665
0.429680
0.723029
3.421532
0.983500
0.306556
0.612038
0.476360
0.557061
0.432489
0.146771
0.402662
0.394243
0.179235
1.358260
0.357018
0.131415
0.669382
1.490656
1.213345
0.778374
1.050548
0.327717
0.123185
0.235507
0.343831
0.261841
0.504531
0.129105
0.111650
0.233056
0.175026
1.294382
0.616985
0.176928
0.448597
1.644052
0.689465
0.645795
0.397168
0.174363
0.785528
0.064230
1.234134
0.047397
1.097431
0.385828
0.917599
0.715243
0.110652
0.618622
0.061650
0.220833
0.384585
0.269129
0.867198
3.464136
0.353116
1.459081
0.204016
0.988456
0.341826
0.613200
0.074204
1.405206
0.187399
0.498081
0.274326
1.329440
0.718357
0.763994
1.124377
0.235386
0.048011
1.410796
0.303376
1.338205
2.510564
0.793655
0.087220
1.539248
0.802849
0.225783
0.186426
0.566968
0.103691
1.891739
0.984424
1.368655
0.387374
2.053150
0.115055
1.007730
0.235072
0.002911
0.103078
0.180060
1.152922
0.379916
0.526271
0.760668
0.249209
0.813848
0.890750
2.034393
0.559118
1.546397
2.747432
1.171908
0.437427
0.253941
0.082275
1.422412
0.111042
0.655899
0.484008
0.036707
0.192983
1.384817
0.618895
2.065782
1.908547
0.078997
0.906853
0.034876
0.439468
0.466394
2.514880
0.723722
0.168577
0.570267
0.590229
0.175595
0.356694
1.679680
3.190731
1.199987
0.053341
1.890520
0.490670
1.436884
0.155625
0.127839
1.897225
0.268964
0.035208
0.556197
3.730957
1.443866
0.403742
3.977911
1.274341
1.476462
0.831008
0.401204
1.889102
0.508853
2.182302
0.642711
1.925091
0.518778
0.445245
0.710712
0.305372
0.129448
0.711977
1.522848
0.260336
1.602111
1.237655
1.195731
0.429093
5.351871
1.251871
0.685755
0.096388
0.682306
0.011588
1.859936
0.328419
0.367529
0.640378
0.811705
0.699212
0.530755
0.804874
1.502598
0.472775
0.554645
1.330047
0.002730
0.140160
0.314470
0.192575
1.810768
0.128338
0.091330
0.305244
0.568464
1.378448
4.350263
1.527730
0.750906
0.030662
0.052454
0.796995
1.371316
0.246866
2.784686
0.639495
0.682223
0.771171
0.062295
0.149438
2.201505
0.248810
0.069574
0.265507
1.036129
0.243926
0.189167
0.259620
0.523790
1.070153
0.286853
1.654071
2.979851
1.380851
0.062478
0.303205
2.080640
1.569380
0.114407
0.467039
0.361973
1.100979
0.023304
0.303226
1.108330
1.743375
0.033180
0.710072
0.871584
1.650331
0.442123
2.891008
0.175945
0.097520
0.111451
0.706911
0.104488
0.248048
0.174825
0.045505
2.624245
0.326285
2.659739
1.027666
0.198532
2.157056
0.007517
3.198711
0.026237
0.233688
0.642293
0.007376
1.157555
0.070763
1.358993
0.028588
0.600888
0.188008
0.272601
0.539436
0.371380
0.398038
0.847737
0.173770
0.160227
0.922609
0.281876
2.161915
0.444435
0.513995
0.018754
0.016697
0.088538
0.786004
0.873810
2.432543
0.453169
0.983899
0.336791
0.061558
0.436038
0.967522
1.304627
2.428970
1.427857
0.663383
0.639457
0.556272
0.519467
0.912777
0.685863
1.556834
0.478377
0.509678
1.427411
0.900712
0.594628
0.663075
1.310698
0.747935
0.239966
0.297133
0.742296
0.037546
0.489366
1.779810
0.211322
0.469814
0.961858
2.077605
0.953301
0.786437
0.387470
0.460091
0.821659
0.352443
1.229215
0.006579
1.113585
1.083982
0.292734
0.012059
0.330184
0.711691
1.236972
1.634433
0.187124
0.068217
0.102163
3.611409
0.829495
0.109907
0.938924
2.564725
0.748047
0.211769
2.624378
0.964655
0.161678
1.162693
0.561225
0.682733
0.364297
0.278231
0.436384
0.597918
0.495090
1.609520
0.061682
0.177505
2.218138
0.748905
0.768884
0.794861
0.223237
0.401597
0.188728
0.131884
3.646039
1.089482
1.690480
0.001171
0.975191
0.293683
0.551182
0.899763
0.025347
0.370593
0.645762
1.659584
0.575933
0.305692
0.740590
0.700910
0.276575
0.635350
0.258507
0.009086
0.297693
0.072317
0.541648
0.556358
1.633544
1.102365
1.107047
3.656184
0.245957
0.373110
0.209671
0.086502
0.579263
0.572852
0.111157
2.046405
3.071889
0.056601
0.002541
0.051031
1.052610
1.531258
0.054766
0.007202
0.617660
0.323626
0.015133
0.007071
0.189956
0.178625
0.280058
0.639991
0.231619
0.212754
0.189337
1.744301
0.218068
0.648339
0.482109
0.322061
0.417725
0.012896
0.163701
0.817630
1.146666
0.197099
0.155382
1.888956
0.082318
1.267252
1.683328
0.126539
1.431687
0.130069
0.035251
0.269759
0.337670
0.712382
0.467465
1.261798
0.874343
0.101534
0.180886
1.096850
0.098580
2.439904
1.335180
0.198601
0.269623
0.232415
0.439714
0.228696
0.026236
0.232033
0.173330
0.344533
0.484497
1.659163
0.862004
0.764612
1.599198
0.390904
0.444232
0.224295
1.418517
1.678806
1.933759
0.742947
0.096685
0.060010
1.277749
1.733507
0.607889
2.028294
2.136290
1.124385
0.370320
0.487548
0.346949
0.403411
0.509891
0.013807
0.108972
0.147153
0.669273
1.642142
0.994159
0.129540
0.489525
0.789594
0.116197
0.066435
0.757479
0.214752
0.828639
0.150552
1.549827
0.296550
0.447395
0.638746
1.739691
1.985153
1.490394
0.922918
0.057358
0.165412
0.611898
3.366594
1.036130
0.170222
0.352042
2.625982
0.567008
1.634137
1.561515
1.217751
0.789031
0.876917
0.334934
0.102644
2.373884
0.026540
0.252739
0.761319
2.680367
0.188748
0.226920
1.506615
0.316886
0.412611
0.356705
0.040574
2.275397
0.957149
0.005479
0.081754
0.116441
0.368216
1.768165
0.121458
0.207096
0.298526
0.571814
1.850833
0.620280
1.871022
0.624581
0.452682
1.641234
0.695593
0.515451
0.574692
0.351586
0.454060
0.061642
0.183748
1.151744
0.114712
0.186806
0.142913
0.360640
0.040435
0.357442
0.752660
0.906499
1.616014
0.072884
0.825862
0.174837
0.335357
0.684776
1.455896
0.888407
3.375867
0.014489
0.303943
0.523700
0.029502
0.043035
0.365540
0.655256
0.116497
0.056601
0.307162
1.082357
0.669934
4.596767
0.743307
1.768703
0.680569
0.524558
0.429661
0.059340
0.051999
0.859308
1.568177
0.015386
0.158982
0.317364
0.300416
1.437561
0.232709
0.292473
0.534895
2.409607
0.279096
0.803452
0.039856
0.451719
2.096175
0.196112
0.352619
0.849388
0.666924
0.686477
0.750324
0.900096
0.311670
0.346741
0.404679
0.591080
0.669617
1.656959
0.403128
0.477176
1.430156
2.834437
0.222603
1.048742
0.227602
1.081113
0.031431
0.566005
0.675136
0.962089
1.991426
1.268168
0.662405
0.550010
0.010652
0.643559
0.660839
1.084152
0.144640
0.710671
0.042368
1.035409
1.379019
0.460684
0.930997
0.868503
0.289463
0.073907
1.135046
0.353384
0.140795
0.467013
1.431527
2.466541
0.670240
2.801426
0.152372
0.539331
0.006730
0.213224
1.673602
0.048984
0.850049
0.569931
3.510565
4.040704
0.105310
0.243129
3.806534
0.320315
0.159228
1.942272
0.768240
0.294718
0.646643
0.446064
0.489969
0.642591
0.148850
0.764865
2.483880
0.717269
1.239049
0.265626
0.134352
0.005167
3.184193
0.101415
0.382448
0.850727
1.061212
0.770145
0.463230
1.349633
0.467233
1.442922
0.044431
1.024137
0.081890
0.392244
0.468709
0.160702
0.476741
1.533284
0.029670
0.172456
2.971046
0.478221
0.395091
1.950238
1.196434
0.152467
0.728816
0.159156
1.195890
0.650325
1.281929
0.053705
2.104941
0.208896
1.516531
0.466140
1.757503
0.085749
0.044235
0.505323
2.132778
0.500860
0.566563
0.143485
0.623021
0.445785
1.750791
1.080591
0.519706
0.129032
0.126217
2.839246
0.755374
0.203885
1.332710
0.194801
0.484101
1.677603
0.087319
0.086916
0.043213
0.131620
0.375404
0.310468
0.262939
0.011411
0.534168
0.471563
1.080119
0.288886
0.696264
0.300507
1.118676
0.153069
0.537658
0.472152
0.491083
0.617949
0.614535
0.304245
1.390307
2.420730
0.654982
0.807374
1.028854
0.308304
0.717760
0.496797
0.529989
0.400883
0.614744
0.196858
0.220627
0.178676
0.722084
0.225179
1.213595
1.885641
1.140783
0.318332
2.286665
0.337621
0.358989
0.723645
0.864642
0.420533
1.235917
1.536723
0.272424
0.203503
0.405255
0.959475
0.886500
0.154506
0.393731
1.857080
2.573202
0.741528
1.211730
1.465083
0.201021
0.054521
0.756078
0.388505
0.992378
0.278148
0.455276
1.321422
0.078309
0.419185
0.133072
0.610193
1.055719
3.485853
1.120210
0.124622
0.459589
0.625039
0.812361
0.965428
2.898685
2.280715
0.187122
0.137945
2.806095
0.139979
2.759280
0.102119
0.703486
0.111302
0.114911
0.324973
1.262912
0.969239
0.305329
0.117954
0.355315
0.153075
0.214323
0.549653
0.536675
2.047141
0.075237
0.608954
0.665579
0.123239
0.357673
0.118680
1.792759
0.342834
0.053640
0.515753
0.602381
1.745883
1.015766
0.184676
1.911843
0.004056
0.955730
0.034458
1.370441
0.167983
1.276763
1.343112
1.180917
0.093362
0.409036
0.088564
1.014468
4.101059
0.591737
0.844361
0.879828
0.123190
0.371487
0.343270
1.111031
0.423988
0.367152
0.637027
0.184478
0.054017
0.217449
0.016854
0.885626
0.488165
0.767045
0.671006
0.044572
1.350247
1.366843
0.006092
0.449955
1.232393
0.429525
1.571674
0.950489
0.864531
1.889585
1.207519
0.703517
0.038765
0.484802
0.933698
0.592461
0.703074
0.343830
1.472047
0.225295
0.816297
0.459230
0.128829
0.015409
0.111336
0.271984
0.511480
0.021704
0.055597
1.273319
3.139053
0.451111
0.507583
0.738440
0.081510
0.618938
0.896730
2.309825
0.824389
0.629793
0.422272
1.942720
0.592778
0.519443
1.058730
0.460810
0.055697
0.716862
1.608017
0.368757
0.080896
0.089382
1.894401
0.094207
0.849519
0.073260
0.574558
1.937030
0.213751
0.293811
0.756081
0.681667
0.657662
0.398111
0.033403
0.723559
0.259219
0.774960
0.460841
0.250256
4.376044
0.310459
2.833688
0.519626
0.610882
0.250545
0.152747
0.979738
0.486374
0.703907
0.161295
0.570625
0.859962
1.140887
0.878604
0.427260
0.924772
0.726800
0.519158
0.796053
0.292644
0.052200
0.127981
2.881272
1.785767
1.403728
0.239990
1.460348
1.246840
0.623331
0.288760
0.090384
4.890984
5.363458
1.522568
0.472117
1.046403
1.930768
0.624688
0.106942
2.992784
0.617291
1.174443
0.779373
0.053574
0.495868
0.009638
0.247288
2.606423
0.940725
0.667201
0.095066
0.924757
0.743998
0.811702
0.932660
2.103717
0.474444
0.755345
0.603611
0.711376
0.909907
0.166568
0.045718
0.098939
0.034919
0.647914
0.291200
1.228380
0.141294
0.130187
1.605588
0.075160
0.348184
0.937076
0.661733
0.248291
0.115740
0.689714
0.228143
1.550858
0.246148
2.163614
0.017601
0.755173
0.265408
0.514895
0.458894
1.324814
0.163911
1.168126
0.027712
0.810108
1.388333
0.448867
1.512787
0.350535
0.350775
1.933840
3.716580
1.245423
0.208530
2.282860
0.363980
1.617927
0.310744
0.196353
0.238410
0.939358
3.112205
0.588764
0.090712
0.923431
1.830602
1.216847
0.001471
0.299389
1.198770
0.966773
4.433503
1.827681
1.280471
0.935783
0.383137
0.028505
1.169383
0.488607
1.601986
0.113047
1.556800
0.829488
1.738138
0.966596
0.458380
0.580571
0.082829
0.222170
0.684424
0.156599
0.355142
0.824416
0.722595
1.794136
0.454205
0.645311
0.438329
1.124786
0.786118
2.325442
0.122036
0.108842
0.276791
0.766222
0.814057
0.180083
0.253322
0.723935
0.245633
1.417044
0.090172
1.220884
0.132872
1.001974
1.218983
2.297689
1.858849
0.019833
0.865496
1.930088
1.176712
0.484373
1.109911
0.267362
1.299982
0.417160
2.829750
0.022629
0.699184
0.111360
1.162422
2.818753
0.541762
1.472734
0.212230
0.022837
1.300593
0.422844
0.070228
0.893638
1.851010
0.070006
0.754913
0.341693
0.034696
0.060832
0.037125
0.293039
0.294400
0.616804
0.775626
1.520025
1.551637
0.150155
0.790335
1.674241
0.230048
0.739074
3.556841
0.804946
0.967232
0.297765
3.916122
1.424426
0.311784
0.287396
0.003848
0.524915
1.653450
1.229373
0.127715
0.221318
0.140660
0.240491
0.181095
0.144251
0.644479
1.965033
1.542657
0.776871
0.304066
1.911793
0.189617
0.031560
0.194683
1.248763
0.965001
0.297780
0.198581
0.811247
0.573163
1.264278
0.472246
0.069687
0.058447
0.210031
0.593163
1.003496
0.649773
0.007858
2.445391
0.490229
0.621821
0.170762
0.223125
0.192821
0.746045
1.914689
0.245347
0.343954
0.271170
0.023612
0.008446
1.214852
3.036109
0.034651
0.064025
0.481410
0.290186
0.226563
1.630761
0.171612
0.173209
1.891853
0.780793
0.926798
0.882967
0.020902
3.051242
0.023349
0.206402
0.515817
1.454236
2.387856
0.007104
0.119160
0.012885
0.117987
1.960445
0.070807
0.619767
0.173374
0.006355
0.262483
0.239738
0.626090
1.655707
0.604172
0.609616
0.261632
0.158706
0.522049
0.400666
1.855927
0.186829
0.020776
0.042443
0.305191
0.197605
0.404535
1.697970
1.042060
0.719926
1.426750
1.690053
0.053713
0.934729
0.112430
0.423139
0.394928
0.253522
0.036317
0.172837
0.980336
2.523294
1.922540
0.018515
0.674375
0.169283
0.588630
0.610133
0.141757
0.073631
0.523791
0.043240
1.471368
1.756238
0.011975
1.291015
1.459559
0.032445
0.707753
0.515305
0.154109
1.366514
0.668330
1.338507
2.188137
2.802037
0.869237
1.650019
0.052440
0.329870
0.515241
0.574299
0.366550
1.358558
0.698441
1.499893
0.468257
2.274698
0.351870
3.993179
0.668365
0.378859
0.775391
0.089869
0.928932
0.732712
1.308588
0.062971
0.435072
0.705974
0.050207
1.150469
1.845374
0.786145
1.155686
2.312032
0.485074
0.573793
1.752769
0.903500
0.259137
0.712133
1.166733
1.487247
0.111220
0.146285
0.930424
1.006969
1.046112
0.537525
0.387262
2.583569
0.235218
0.270356
0.020093
0.070594
0.785231
0.869443
0.197651
1.077929
0.149485
0.372135
0.810119
1.201662
0.482394
1.321703
0.511005
0.872302
1.434247
0.661696
0.661391
2.161517
0.027695
0.015136
0.029661
0.297935
0.617083
0.769621
0.915022
0.013749
1.656444
0.216957
2.739355
0.339514
1.490337
0.997688
0.018544
0.574055
0.400313
4.014700
0.211149
0.402041
0.153153
0.003759
0.618440
0.774237
0.141923
1.453792
0.200940
2.216235
0.895219
2.839574
0.460837
1.458056
0.743554
1.004128
0.422823
0.572940
0.253819
0.328783
2.078081
0.065228
1.427817
1.108955
0.141391
0.450492
1.442888
0.568753
0.567106
0.560589
0.150917
3.743542
1.103751
0.269018
0.341331
0.983797
1.632900
0.641474
0.269896
0.355572
0.629448
1.739611
0.973715
0.204475
0.016211
0.857052
0.244462
1.674080
0.139914
4.479123
1.290607
0.232670
0.012668
1.375107
0.093691
0.131960
0.388077
0.151554
0.079690
0.637396
0.850858
1.230879
0.047714
0.042125
0.511451
1.082908
0.186420
0.724070
0.093705
1.831365
1.654270
2.203541
0.394224
0.068984
1.360955
0.465838
0.344003
0.446035
0.988046
1.041762
0.457922
0.247980
0.130819
0.043433
2.620724
2.735776
0.055717
0.719174
2.893868
0.686219
2.823195
0.125613
1.016489
1.472502
0.097362
0.182863
2.344941
0.212366
0.766784
1.942165
0.993935
1.186434
0.284252
1.515282
0.119081
0.408601
0.537356
0.973696
0.027745
0.062542
0.367248
0.135352
1.923400
0.469107
0.711805
0.444298
1.568698
2.078493
1.844773
0.067688
0.755128
1.200328
1.996329
0.649828
0.507780
0.155031
0.006556
0.019499
0.261220
1.019242
0.411676
0.624480
0.253235
2.898447
2.024095
0.245241
0.387995
0.089090
0.402407
0.221037
1.037530
0.299996
0.926402
0.021527
0.981439
0.811408
0.274455
1.179376
1.597174
1.889699
0.948603
0.462595
0.703222
1.148508
0.303555
1.718988
1.235946
0.948219
1.138375
0.042038
1.341309
0.473382
0.927891
0.841483
0.440674
1.064701
1.559940
4.153755
0.014130
1.971266
1.193557
0.724378
1.149230
0.342462
0.414686
0.033163
2.109369
1.317353
0.581242
0.758651
1.389338
0.145399
0.675679
1.027196
0.699302
3.008407
0.236910
0.909920
1.208011
0.396481
2.254139
0.424855
0.126691
0.149439
0.399542
3.471410
1.971295
1.838907
0.870551
0.559864
0.822539
0.743447
2.476056
0.399285
0.397836
1.045172
1.302812
1.075586
0.139090
0.803174
0.250493
0.256350
0.235979
0.007087
0.101897
0.891319
1.271389
0.090415
2.345423
0.501629
1.220291
0.033929
0.066646
1.347955
0.081198
0.030530
0.857333
0.035848
0.428836
1.350532
0.096871
1.479300
1.927436
2.953046
0.761834
1.377816
0.138751
0.682883
1.666064
1.605125
0.150603
1.411552
0.406066
0.574735
1.276630
0.882707
0.315593
1.550160
2.136270
1.322496
0.040864
0.012232
0.685449
0.083778
0.072922
1.639659
0.038994
0.264104
0.291067
2.157001
2.345890
1.228132
0.490928
0.099756
2.655121
0.202336
0.819909
1.205799
0.570201
1.733769
2.236386
0.364611
0.988642
0.079329
0.450985
0.892217
0.257029
0.373740
1.139918
0.189626
2.044261
0.121467
0.201822
0.762353
0.209166
1.465857
0.355566
0.108879
0.884598
0.446107
0.782333
0.094970
0.043579
0.280025
0.579142
0.177586
0.186770
1.447086
0.221703
0.340965
1.640191
4.932815
1.183572
0.121151
1.157492
0.075827
1.285626
0.258383
0.197997
0.444290
0.122714
0.879374
1.385869
0.878159
1.277324
0.140692
0.254561
1.453160
0.316245
1.099304
0.669397
0.129388
0.200136
2.054052
1.857658
0.724995
0.012859
0.013537
2.221128
1.282191
0.957518
0.240414
1.914744
0.060697
0.931881
0.932297
0.370028
1.340086
0.168141
2.620832
2.161210
0.331268
0.320119
1.267371
0.336127
0.710425
0.939828
2.323859
1.121894
0.258215
0.348649
0.062401
1.305031
1.489887
0.201889
0.510947
0.339882
0.265939
0.023759
0.722531
2.404398
0.150076
1.122567
1.186314
0.613377
1.507384
0.440353
0.776562
0.056354
0.132579
0.707508
1.477251
0.514187
2.169561
0.544584
0.422295
1.224577
2.027067
1.850021
0.861899
0.193606
0.295461
0.652273
0.029484
0.283967
1.240805
0.231318
0.835739
0.289782
0.114513
0.324521
0.309911
0.260466
0.297539
2.006729
0.684069
0.550077
0.245414
0.273746
1.284827
0.325196
0.129110
0.391857
0.895099
2.260607
1.431677
0.546374
0.147613
1.737736
0.032298
0.699425
2.847062
0.304976
0.592029
0.291623
0.429630
0.092158
0.769023
0.966960
0.110698
0.008370
0.221060
0.349963
0.456109
0.996857
0.587708
0.026576
0.015368
0.468980
0.147591
1.321058
1.096255
1.304344
0.767473
0.188025
1.256590
0.273198
0.144217
0.031736
0.395935
2.480552
0.922053
0.863013
0.382426
0.458377
1.922942
5.470604
0.324714
0.709140
0.533866
0.181689
0.572902
0.074509
1.272342
0.414859
0.849768
1.212318
0.214772
2.360321
3.470854
0.531373
0.059973
0.816229
0.907837
0.196893
1.203907
0.264933
0.240960
0.071327
0.771918
1.128469
0.948130
0.291622
0.282262
0.044342
0.154425
0.234875
0.187363
0.034447
0.407661
0.007987
0.559777
0.002190
0.384581
0.081457
0.141339
0.954732
0.060316
1.212860
0.912620
0.819140
0.605341
1.024610
0.199091
0.416893
0.014422
0.003390
0.429867
0.767528
2.693049
1.460614
0.043887
1.994812
0.403079
0.428095
0.138702
0.076835
0.481088
0.628927
1.529388
0.873951
0.170365
0.724738
1.375344
0.227385
0.276770
0.238486
2.864607
0.127315
0.800718
0.359125
1.032306
0.554966
0.197657
1.571086
0.616193
0.017765
0.197324
0.147836
0.310968
0.142157
0.829054
0.750200
0.392666
0.238202
0.806766
0.376665
1.168737
1.595798
1.017202
2.239136
0.286893
1.523771
0.416296
1.561097
0.768647
0.270158
0.263104
1.556011
0.528249
0.132522
0.694179
0.122053
0.050506
0.241114
1.193423
0.186735
1.592989
0.032875
0.328906
0.003428
0.931714
0.763917
1.227482
1.352532
1.906866
0.440816
0.365360
0.750345
0.532354
0.172118
0.453289
0.397511
1.757881
0.067487
1.038113
0.979327
1.962421
0.672269
0.977475
0.105091
1.654862
0.042667
0.749264
0.095644
0.208252
0.930726
0.387162
0.927026
0.198875
0.080603
0.340783
0.563759
1.327686
1.610219
0.380376
2.287196
0.662712
0.162899
0.560371
0.911222
1.151720
0.101812
2.875716
0.651343
0.003933
0.268896
1.427952
0.044764
0.298950
0.907621
0.109051
1.012499
0.712162
0.250052
1.330101
0.060600
0.171880
1.156494
0.737104
0.195282
0.398827
1.508675
0.152075
0.053290
0.552134
0.182435
0.917932
0.224327
0.167871
0.761100
2.567296
0.635828
2.710430
3.822718
1.114088
0.682799
0.372389
0.065722
0.601092
0.158069
0.669513
0.454687
0.651014
0.685859
0.656831
2.099710
0.645778
0.100027
1.726116
1.082517
0.366744
0.469243
0.660869
0.397746
0.886094
5.016526
0.042998
1.996205
3.687657
1.590104
0.497953
0.870733
0.502877
0.373721
0.135904
0.179496
0.518901
0.265216
0.186609
0.751303
0.265778
1.428511
0.073755
0.205955
0.441897
0.192840
1.451159
0.542130
0.050931
0.182532
0.959543
0.295674
0.284651
0.189345
0.010053
1.136024
0.315127
0.223764
0.088975
0.563187
1.073888
2.351134
2.158200
0.013918
0.548097
0.531321
0.637444
0.444819
2.100109
0.720986
0.458065
2.632225
0.583661
0.006523
0.789027
2.683945
0.847082
0.178247
1.457439
0.029130
1.502202
0.115902
1.472020
0.157277
0.126599
0.231884
0.560903
0.942797
0.574657
0.058883
2.351319
1.458940
0.365354
0.030696
0.421229
2.639188
2.461382
0.147944
0.175615
3.011997
0.330693
0.952695
2.115450
1.398100
1.305069
0.758763
1.319190
0.214543
1.875745
0.191668
0.105239
1.174574
3.805668
1.138396
0.780738
0.074554
0.601164
0.157331
0.622531
0.421780
0.120915
0.628232
1.254108
1.003620
0.120833
2.203314
2.150365
0.355406
3.045736
0.169071
0.409022
1.470880
0.071880
0.401132
0.007886
0.190172
0.352115
1.436715
0.785321
0.079745
1.273764
1.138326
0.293026
0.152241
1.062012
2.218976
0.198000
0.320346
0.323271
2.728198
0.041843
0.015014
0.160666
0.496525
2.702100
0.029942
1.278138
0.596263
1.767411
2.657152
1.012438
0.230045
1.929929
0.009547
3.534644
0.426601
0.251737
1.716540
0.552066
0.389880
0.291360
0.434701
0.228224
0.583755
0.458126
0.245201
0.004676
0.131469
1.215440
0.986462
2.058683
0.129210
2.088451
1.746168
0.344727
2.472047
3.299049
1.494689
0.651200
1.638761
0.134115
0.113941
0.119589
0.949301
2.577969
0.172850
0.117735
1.733017
1.684091
0.108838
0.027200
0.260849
0.255079
0.005955
0.125657
1.442172
0.052706
0.487328
1.008453
1.001637
0.296173
0.114796
0.444219
0.357042
0.475254
0.276673
0.515773
2.931530
0.006409
0.209025
1.512806
0.553681
1.225679
0.065968
3.676271
0.002009
1.234234
0.225308
0.995020
1.306632
1.060893
2.477570
0.201326
1.529146
0.769187
0.162020
0.196915
0.075959
1.862439
0.320834
0.340839
0.104084
1.300006
0.649950
0.183209
1.268688
0.614999
1.258773
0.978945
0.451593
0.352506
1.786591
0.159827
0.085739
1.565532
0.930308
2.080559
0.754629
5.776540
0.451657
0.052409
0.877196
0.231956
0.398133
0.367560
0.316059
0.581572
0.730308
0.058657
1.789723
0.341723
1.069265
0.340438
0.101700
0.319530
0.204194
0.290077
0.882492
0.907873
0.170070
0.977454
0.765764
0.141683
0.694115
0.046908
0.864493
0.247107
0.712073
2.220898
0.980246
0.653523
0.674943
0.227816
0.505678
0.044898
0.543159
2.758352
0.559413
1.090526
1.864112
0.667637
0.111260
3.693763
0.568891
0.446876
0.051765
1.027661
1.501312
0.607578
0.163763
0.980086
0.168117
0.341036
0.218318
0.598764
0.839090
0.653761
0.144463
0.214020
0.198406
0.571378
2.652433
0.852844
1.569569
0.075671
0.020015
0.629268
0.208674
0.323467
1.050367
0.078769
1.685877
0.425671
0.720760
0.034698
0.051323
0.894927
0.030845
0.809982
0.298463
0.285592
2.490227
1.590884
0.293159
0.388836
0.279245
0.102178
2.453037
0.841824
1.002757
0.441296
0.187128
0.797126
0.225496
1.957686
2.319804
2.752820
0.193498
0.280863
1.586573
0.500522
0.653688
1.001082
0.189004
0.497161
0.069777
0.025066
2.762831
1.024320
0.778030
0.183379
0.279947
2.016804
4.078656
0.822989
2.055776
0.401635
1.485222
1.041460
0.200140
2.037742
0.011355
0.249982
0.544161
2.225426
0.347154
0.092725
1.025572
0.886963
0.102182
0.934666
0.392895
0.437299
2.259585
1.428597
3.025849
0.968823
0.390887
0.374152
0.122258
0.056313
0.573541
0.139246
0.698116
0.190737
0.558925
1.826705
0.500886
2.067871
0.286436
0.115797
0.982928
0.454913
0.883662
0.691542
0.457776
0.361156
0.196579
3.798537
0.181839
0.494628
1.783386
1.355535
3.243950
0.781313
0.267866
1.620198
0.054473
2.282634
0.474970
0.916527
1.795928
0.585320
1.373617
1.459386
0.569110
1.936900
0.228286
0.136642
0.985056
1.390611
0.424511
0.024542
0.448705
0.204282
0.059701
0.144489
0.737473
0.381770
1.274548
0.198657
0.740700
0.249955
0.267056
0.129835
1.083944
0.264671
0.888317
0.933077
0.646246
0.868121
0.916302
0.081949
1.184699
0.584460
1.347875
0.094051
0.047390
0.832040
0.293666
3.358561
0.292506
0.479987
0.337452
0.654672
0.191231
2.582356
0.255991
2.015533
3.352217
0.330265
1.357843
1.813980
0.029020
2.827052
0.387222
0.331142
1.301244
0.146584
0.022158
2.758279
0.014232
0.812603
0.673128
0.436270
1.399752
1.355472
0.019683
0.770084
1.564449
0.394269
0.106370
0.683067
0.013296
0.387223
0.553379
0.193438
0.704451
1.406785
0.510998
0.625225
0.167886
0.006732
0.510765
0.230732
0.798209
0.084813
0.481955
0.581092
1.224981
0.042752
1.760181
0.133694
2.003407
1.336156
1.767942
2.077383
0.069122
0.359231
0.718079
0.321843
0.863666
1.634071
0.182038
0.305787
1.639637
0.320859
0.068097
1.099236
0.277630
0.700426
0.054466
0.665998
1.345354
0.470391
0.362144
1.174540
0.595773
0.515431
0.153260
0.908672
1.412788
0.000269
0.295092
0.843559
0.130027
1.564096
0.115447
0.223661
0.489174
0.118830
1.888002
0.564903
0.394881
0.754666
1.100747
0.628626
0.831430
0.915274
0.458379
0.262942
0.107175
0.869461
0.379877
2.452741
0.256546
1.220887
0.464069
0.134861
0.395853
0.790377
0.895122
0.341573
0.204861
0.135799
0.718664
0.911178
1.850576
0.538245
0.321327
1.282459
0.806566
1.033293
0.053307
1.386772
0.399898
0.888566
0.060751
0.000177
0.024409
0.062408
0.073095
1.580151
0.635939
0.050760
5.390661
0.450732
0.916430
0.868547
0.351321
1.397543
2.728444
0.421796
0.349976
0.439576
1.425663
0.558001
0.085685
0.008255
0.865613
0.128331
1.164503
0.732480
0.189697
0.056485
0.886181
0.139703
3.162225
0.576800
0.316877
1.304350
0.769186
0.859882
1.244469
0.481699
0.035891
0.138898
3.792653
0.782446
0.019276
0.128085
0.090243
0.237122
0.849503
2.096782
0.678439
0.553024
2.041950
0.112245
1.831791
0.823615
0.215311
1.167829
0.153819
0.717081
0.493120
0.090914
2.214074
0.174118
0.364058
0.810260
0.251898
0.079624
0.285740
0.378285
1.315663
0.630035
2.043424
0.120039
1.403523
3.404131
3.267734
0.284617
0.084681
1.155286
0.463918
0.817330
0.082320
2.661024
0.402493
2.694466
0.006177
0.278365
0.506918
0.368417
0.187890
3.141292
0.635487
2.208569
0.585473
1.234167
0.821420
0.118606
0.958562
1.101468
1.009423
0.540776
0.039891
1.418120
2.768296
0.055250
0.034838
0.452418
1.068371
0.477353
1.364199
1.697216
0.724177
0.766318
0.826207
0.371028
0.182106
1.929318
0.240388
1.401489
0.584004
1.075779
1.238890
1.717289
1.457805
0.317521
1.438235
1.627019
0.821634
0.176994
3.364334
1.283194
0.387869
0.288788
1.348234
0.862221
0.375258
1.898851
3.681986
0.907928
1.424799
0.726287
0.291017
1.281821
0.963821
1.702763
0.342083
2.233405
0.949520
1.110527
1.478583
0.485767
1.461723
1.773076
2.829988
0.731845
0.050971
0.221029
0.175794
0.121171
0.380656
0.708725
3.657831
0.068685
2.522512
0.633462
1.291725
1.407892
0.349097
0.970614
1.089978
0.319227
2.068361
1.709281
0.008845
1.542381
0.391312
2.524949
0.048189
1.480341
0.573300
0.258876
0.541275
1.437823
0.447337
0.486605
1.723120
1.468994
0.198954
0.573127
0.409934
0.170415
0.179924
0.094840
0.146417
0.438091
0.233253
1.033394
0.077914
0.219265
2.609543
0.676248
0.162583
1.377225
0.013646
0.291416
0.119299
0.424148
0.503575
1.982914
0.547456
1.835792
2.536451
0.036582
0.089644
1.330601
0.278640
0.497947
0.850915
0.445859
1.612506
0.021615
0.243586
0.051090
0.240205
3.414886
0.023294
0.627958
0.197021
1.081506
0.143209
1.089414
0.586484
2.633532
0.066110
0.593053
1.929701
0.588793
0.443801
2.056872
1.412126
1.217440
0.417016
0.317676
0.265028
2.911047
0.064674
0.116121
0.800820
1.719359
3.089592
0.750892
1.574636
0.361729
0.579543
1.171620
0.153703
0.969396
0.442205
0.037230
0.352129
1.080508
1.285947
0.923349
1.027943
0.369636
0.296951
0.406793
0.461410
0.315818
1.733664
0.964656
0.131438
0.113977
0.519743
0.810675
0.947152
0.445740
0.689468
0.743589
0.278700
1.309430
0.338075
0.112695
0.125294
0.835963
0.514429
1.491305
1.675709
0.211895
1.211520
0.918156
0.661557
4.340887
0.149026
0.435775
0.421970
0.251532
0.767524
1.548360
0.522844
0.067578
0.243809
1.016799
0.492031
0.037364
0.233449
0.604379
0.310900
0.184511
0.384068
0.094002
1.743265
0.310127
0.506422
0.588779
0.476968
2.037791
0.134176
0.544956
0.135566
0.050198
0.975302
0.325684
1.078402
0.535668
0.030115
0.067115
0.021640
0.685512
0.415003
0.275844
0.285613
0.452289
1.601789
1.777491
1.389508
1.095949
0.102643
0.371890
1.379167
0.181771
1.033639
0.092088
1.349484
0.239050
0.238734
2.673852
0.093594
1.840232
0.279535
0.262406
0.124792
0.047487
0.380940
0.470186
0.300387
0.005555
1.773724
1.478577
0.793604
0.117313
0.129986
0.531199
0.150833
0.264452
0.198004
1.173882
0.882774
0.186011
2.366240
0.740796
1.260688
0.889732
0.498074
0.507491
0.445788
0.056561
2.282000
0.337899
0.045715
0.087826
0.387021
1.003793
0.554318
0.321436
1.892141
0.056747
0.249918
1.722375
0.505764
0.501111
0.066794
0.726940
1.042176
1.458339
0.096338
0.677680
1.353914
1.781443
0.078240
0.124891
1.890565
0.385391
0.440930
1.056887
0.196972
0.126837
0.656422
0.768714
2.188130
0.085555
0.829412
0.106236
0.699737
0.825089
0.431321
0.401406
0.427343
1.383445
1.515719
0.479886
1.090478
0.457945
0.464745
0.779473
0.749692
0.488852
0.520237
1.582941
0.322826
0.788828
0.121701
3.042709
0.035601
1.212818
0.145679
0.860635
0.003619
0.316708
0.033654
0.438364
0.772114
0.013965
0.637847
0.410983
1.647737
0.402284
0.022306
0.219707
1.663036
0.532546
0.396122
0.301378
0.272253
0.119941
0.667957
0.120627
0.121885
0.126048
0.216343
1.796585
0.176889
0.024917
2.393471
0.538176
2.804815
1.239500
0.507436
0.447023
0.000395
0.435840
0.218050
0.381150
1.562917
0.771915
2.282455
1.171232
1.534921
0.092103
0.576000
1.383174
1.200321
1.368098
0.447547
0.110690
0.588986
0.670904
1.149624
0.366337
1.821919
1.674592
1.103943
1.092080
3.660995
0.076446
0.344449
0.466573
0.438369
0.902261
0.462652
0.378088
0.022873
0.039273
0.535508
0.311621
0.210149
0.015806
0.064159
0.158346
0.515690
0.210239
0.492471
1.081259
0.062870
0.791842
1.130471
1.879861
4.102099
0.165506
0.035589
0.836856
0.627806
1.889322
0.723694
1.381831
0.008898
0.508115
0.176966
0.160237
0.059842
2.329936
0.397555
1.275731
1.189751
1.320326
0.288078
1.168145
0.484952
2.181580
0.913039
1.824825
2.452755
0.353755
0.353026
0.002296
1.430318
0.769017
0.143712
0.779180
2.290094
2.079355
3.767590
0.328675
0.230767
0.002559
0.123847
0.237935
0.788557
0.005039
2.119138
0.835733
1.558869
0.267862
0.592991
1.962406
0.093021
0.064955
0.129670
0.181514
0.156993
0.025380
0.136500
0.463828
0.309250
0.473427
0.557687
0.982991
0.691407
2.828123
2.317464
1.832234
0.590351
0.222977
0.481480
0.541229
0.577176
2.246567
0.887936
2.199692
0.130856
0.817166
0.246429
0.014727
0.003420
0.370583
0.162751
0.317113
0.034603
0.023924
0.227687
1.033309
0.526576
1.024021
1.979230
0.553440
0.707838
0.178074
0.346246
1.104214
1.233495
0.124799
0.172414
0.495461
0.475596
0.762176
1.609699
0.226703
0.079946
0.073823
0.299447
0.369354
0.104130
1.425834
0.357482
0.229467
0.266792
1.720410
0.793439
1.326112
0.106413
0.146559
0.417450
0.498776
0.117474
0.175454
0.066152
0.060391
0.133734
0.223668
0.287009
0.736597
5.404833
0.681635
0.521557
0.390649
0.091994
0.862843
0.484530
0.861111
0.401613
0.190938
0.324563
0.130294
0.250065
2.435715
0.174401
0.728965
2.081184
0.411909
0.310815
0.090930
0.113794
2.107024
0.508485
0.313909
0.035291
0.988593
0.115225
0.552832
1.123726
1.297694
1.565816
0.238129
0.135729
0.101224
0.305935
0.334415
0.174967
0.103667
0.429738
0.436425
0.114208
1.373214
0.074428
0.393626
0.390095
0.400568
0.770695
0.580954
0.737448
1.053950
0.078304
2.692319
0.592684
1.123056
0.178066
0.512395
1.181371
0.305747
0.652065
1.647382
0.601351
0.593934
0.960818
2.036701
0.241440
2.930874
1.079192
0.399668
0.149549
0.240425
0.417722
0.980188
0.414023
0.044130
0.068119
2.241917
0.066285
1.864957
1.961302
0.755017
0.861806
1.537108
1.445906
0.998582
1.121774
2.045846
0.221208
0.421943
1.116959
0.920506
0.410109
4.731741
0.038013
0.166563
0.127754
0.331222
2.230501
3.807175
1.179040
0.436667
2.119286
0.323327
0.616099
1.010674
0.343709
0.983023
1.983453
0.345195
1.190991
0.059186
1.904509
0.504899
0.353119
2.541440
0.077562
0.579617
2.475679
0.379144
0.243986
0.489708
0.874409
0.244860
2.303915
1.977194
1.227253
0.599986
0.440953
0.215785
0.346083
0.501496
0.322062
0.586459
0.009312
1.313945
1.138650
1.236284
0.083382
0.254674
0.202858
0.665740
2.629512
0.354300
1.440227
0.031785
0.889152
0.393770
0.348732
0.867138
1.489283
2.168604
0.420470
0.569216
0.490403
0.043794
0.651140
1.085629
2.016791
0.191089
0.651727
1.269913
0.178544
0.261620
0.431835
0.912145
1.506118
0.276657
0.742891
2.607910
2.422179
1.396513
0.426117
0.963902
0.525606
0.578340
0.355894
3.907009
1.109807
0.627634
0.025402
0.312329
1.573943
0.076108
1.726271
0.465693
0.071571
0.509320
1.262180
0.041009
0.545268
0.935569
0.458267
0.278979
0.747800
0.628568
0.101327
1.784879
1.539928
0.610865
2.017908
0.768716
0.027252
2.274314
0.878778
0.131435
0.017646
1.115080
0.383546
0.113709
0.887434
0.647904
1.396956
0.737410
0.478897
0.317847
3.839491
2.420461
0.052962
3.808115
1.142989
0.232461
1.223133
0.839205
0.791936
1.642099
0.287704
1.357505
0.669523
0.379805
2.866237
0.062930
0.708762
1.480098
0.051699
1.571557
0.598771
0.644531
0.298060
1.168155
0.124137
0.531171
0.366606
0.634655
0.184905
0.624719
0.011384
0.785538
0.711635
0.124405
0.304039
0.466005
1.440588
3.826309
0.716837
1.227743
0.370012
1.872381
2.345750
3.991977
0.769628
0.070075
0.194397
0.201709
0.752499
0.341504
0.454332
1.159415
0.080832
0.023750
0.212675
0.831097
0.219605
2.105371
0.602302
0.637052
0.570840
0.050797
0.811135
0.706351
0.988906
0.324944
1.756210
0.440947
1.173179
0.001189
0.696324
2.125396
0.157413
0.001592
0.013530
0.364417
1.386951
0.197081
0.860426
1.290969
0.223221
1.779280
0.706837
0.429385
0.381776
0.150105
1.438478
1.359707
0.186348
0.047289
0.127526
0.399433
0.357445
2.208976
1.155319
0.147742
1.785533
2.592645
2.562392
0.554183
0.828760
1.901347
0.161451
4.804331
0.271689
0.344322
0.222028
0.975568
1.051880
0.207831
0.196469
4.197580
1.313213
0.250485
1.338833
0.972001
0.450044
2.262067
1.068100
0.262750
1.939635
0.356695
1.222133
0.538910
0.423329
0.180437
0.576485
0.603435
0.303328
0.211737
0.620794
0.440472
0.628196
1.146562
2.130438
0.574914
0.734915
0.079515
0.181151
0.396374
0.630284
0.189596
0.596468
1.094805
1.006975
1.535685
0.739673
1.116608
0.817519
0.088918
0.808460
0.906455
0.278461
1.270137
0.366493
1.547914
1.678961
0.438119
1.269771
0.226331
0.168888
1.545005
0.071473
0.917096
1.079915
0.542423
0.236526
0.027327
0.400640
0.410702
0.499305
0.182847
0.268839
0.211545
0.123456
0.328495
1.658070
1.650136
0.621789
0.903874
0.754764
0.697827
0.480331
0.896318
0.374833
0.300587
0.206305
0.401159
1.091672
0.031132
1.204224
1.284465
0.914702
0.861815
0.117279
0.346585
0.124263
0.555573
0.473917
0.407459
3.294643
0.431241
1.608126
0.306750
0.185394
0.390618
0.408568
0.571114
0.075604
0.811721
2.729264
0.095549
1.337977
0.382493
0.094818
1.180189
2.768500
1.034880
1.290476
1.488351
1.372138
0.503088
0.527676
0.068308
1.122396
1.893961
2.464505
2.362307
0.492291
1.126033
0.387252
1.515683
0.167382
0.050634
0.175216
0.263169
0.157448
0.550400
1.086785
0.600076
1.972910
0.134965
0.008161
0.294069
0.947363
0.163131
0.019398
0.273332
1.820079
0.268568
0.149778
0.283467
0.568435
1.266725
0.880376
1.606575
0.476161
0.190054
0.172911
0.042810
0.744873
0.317684
0.352593
0.386459
0.036112
0.402515
0.136857
0.133812
1.807937
0.159529
0.945447
0.494482
0.338326
2.822357
0.579610
2.036541
0.196400
0.627701
0.221073
1.289599
0.052253
0.219448
2.339186
0.612643
0.498528
0.325718
3.013463
2.886331
0.541548
0.535395
0.113884
0.442807
0.165689
0.657960
0.379515
1.655618
0.892783
1.300172
0.957548
0.223145
0.529542
0.332507
0.471250
0.065611
1.571647
2.704551
2.285762
0.136864
0.043515
0.511683
1.539253
0.752697
0.825066
0.034786
0.028310
2.185999
0.519042
0.490966
0.503417
0.448740
0.416420
0.087617
0.268258
0.209236
0.089182
0.449000
0.873375
1.892212
1.123166
1.273701
0.292917
0.797638
0.119567
0.300276
0.298465
0.707448
3.407177
0.029010
0.175190
0.499728
1.028564
1.468458
0.201533
0.002701
2.179962
0.094030
0.444772
0.232625
0.120671
0.963118
0.562126
0.375576
0.336531
1.895605
1.603092
0.043090
1.468016
0.142764
0.208533
0.523444
0.777995
0.631587
0.092758
3.134965
1.144737
0.759165
2.891566
4.869521
0.711689
0.457074
0.816071
1.081472
0.025218
0.961156
0.522029
0.732458
0.113671
0.036445
0.617801
0.287129
1.316494
2.789717
0.679094
2.036501
0.237813
0.343028
0.324104
0.363867
0.027600
0.445810
0.549070
2.893972
0.371393
0.233434
2.632222
1.128474
0.054680
0.240465
0.277012
1.187687
0.278037
2.053693
0.981050
1.612381
1.501791
0.894426
0.604731
1.922781
0.177618
0.678368
0.591994
0.269461
0.648267
0.204777
0.853469
0.125619
1.015531
0.797857
2.583022
0.802428
0.988521
0.744702
1.203956
0.879567
2.679518
1.728505
1.156603
0.041594
0.063645
1.226734
1.844212
0.166292
1.460569
0.003942
0.443947
0.225778
1.883084
0.095544
0.375101
1.484254
0.734756
1.542736
0.592792
0.078961
0.306598
0.799943
0.504417
4.343589
0.659855
0.453942
0.735659
0.377278
0.337534
0.277625
0.406502
2.574733
0.368640
1.477042
0.418945
0.447372
2.044957
0.939017
0.321105
0.121615
1.959836
0.300968
1.182161
1.730710
0.372978
0.360217
0.066790
1.115050
0.113043
0.828928
0.029532
0.122057
1.056059
0.245771
0.033124
0.109248
0.219477
3.288210
0.189391
0.137058
0.177623
0.372765
0.298204
0.720322
0.493153
0.682866
1.058271
0.788838
0.025717
0.121481
0.862450
0.575533
0.191164
1.828801
0.738557
0.594568
0.576604
1.969448
0.989493
1.054641
0.943198
0.654913
0.501240
0.693230
1.879051
0.665920
0.089930
0.285385
1.210851
0.216992
0.184118
0.157904
1.116839
1.119767
1.764223
0.801941
1.402230
0.210248
0.822089
0.535282
0.937146
1.892386
0.133153
2.706059
0.791759
0.099206
0.470928
0.890312
2.513395
1.309968
0.811750
1.179280
0.229329
1.826663
0.152375
0.751091
0.056526
1.564368
0.072387
1.425551
0.954916
0.587307
0.287615
0.896468
0.629312
0.813547
0.303145
0.127509
0.554535
0.963233
0.151626
1.193884
0.765809
0.000540
0.057303
0.620801
2.035779
0.039371
1.608160
0.835040
0.610554
0.492360
0.669319
3.035369
0.014251
0.351916
0.067021
0.053231
0.155944
0.681792
0.688378
0.172187
0.886270
2.305581
0.533272
0.342037
1.560492
1.932260
0.539846
0.086946
1.595467
0.621762
0.155662
1.961152
0.081899
0.285296
1.848979
0.775776
0.677872
0.616781
0.686162
0.695830
0.463507
1.131459
0.462723
1.231406
0.608595
0.712157
0.289847
0.251291
1.455912
1.406853
3.544368
0.027593
1.626989
1.008857
0.538083
2.299576
1.373302
1.048279
1.010459
0.878326
2.487898
0.689918
0.457819
0.223740
0.622137
0.060575
0.897161
0.234201
0.916480
1.168597
0.331076
1.992913
0.384269
0.112745
2.845123
0.313312
0.417802
0.067794
0.698335
2.955957
0.456008
0.400779
0.676715
1.178999
0.767071
1.131692
0.114434
1.504659
4.471014
0.014458
0.823762
0.044102
0.464959
0.339666
1.366795
0.316325
1.298821
0.959168
2.592442
1.034995
0.779468
0.192895
0.178635
0.394444
1.188693
0.986140
0.261662
0.140972
0.886871
1.163925
0.748782
0.058332
0.770525
0.676693
0.628776
0.223450
0.553961
0.478170
0.629907
0.095758
2.822440
0.314098
1.003228
0.379030
0.203095
0.080587
0.479335
0.094978
1.158172
3.846045
0.232039
0.577631
0.288104
0.016050
0.742005
0.914867
0.388043
0.451469
0.557047
0.476451
0.516675
0.237127
1.072535
1.236279
0.688349
0.056274
0.104323
0.387923
0.100880
0.248938
1.529507
0.077240
0.337508
0.398106
0.898773
2.211561
1.097474
0.827467
0.820310
0.408845
0.242429
0.899943
0.389406
0.012552
0.903289
0.616869
0.060866
0.414166
0.090782
1.181459
1.937597
2.487118
0.495747
0.414343
0.417000
0.020834
0.263621
1.197717
0.533019
0.433629
1.200085
0.154969
0.167636
0.377635
0.267111
2.137487
2.451010
0.634887
0.426473
0.126411
3.258834
0.282026
0.840045
0.703891
0.025490
0.592953
0.278441
0.534883
2.213929
1.078511
1.205541
1.116587
0.386697
0.970005
0.543479
1.347992
1.218185
0.435735
0.279624
1.704135
0.340969
0.335190
0.224620
2.300092
1.448637
0.079242
0.134299
0.303791
0.718043
6.283605
0.513998
0.388926
0.628214
0.213810
0.596220
0.638947
1.989831
0.431898
0.389888
2.564001
0.006781
1.544604
0.677933
0.661048
0.304149
1.263082
1.717194
1.643713
0.793951
0.197206
0.459760
0.155491
0.671002
1.022940
0.282905
1.806802
0.511691
1.172517
0.598726
1.716546
1.579964
0.817065
0.219439
0.058497
1.553504
0.314919
0.852199
0.753381
0.198293
1.189611
0.140884
1.382096
0.046782
0.352806
1.608265
0.770239
0.290478
0.033872
0.473477
3.272789
1.097878
0.152514
0.657250
1.324206
0.913168
0.551934
1.027437
0.293220
0.137900
0.881411
0.604846
1.044197
1.375957
1.134290
0.448656
0.221916
3.051740
0.361164
2.207305
0.347560
0.998772
0.365235
0.902783
0.869340
0.927939
0.035146
0.674460
2.039900
0.584482
0.389004
0.080739
0.001788
0.001830
0.157834
0.092399
0.373630
0.573995
0.409584
0.460739
0.746607
0.579693
0.254401
0.521919
0.160881
0.859753
3.923816
0.836087
0.064705
2.208892
0.140692
0.203317
0.270756
1.532190
1.887213
0.040400
0.738039
0.005071
0.951403
0.010076
1.947015
0.467033
0.170227
0.377549
0.129343
0.331541
0.770025
0.091602
1.335505
0.765534
0.331539
0.439249
1.024386
0.144655
0.556095
0.505341
1.705804
0.068865
0.193684
0.734256
0.120851
0.228685
0.219048
1.566733
0.358365
0.590804
0.678578
0.176379
0.026179
0.083157
0.423555
1.575551
1.337664
0.563103
0.208809
0.046317
0.148085
1.258841
0.874500
0.451692
0.619193
0.250556
1.111597
1.828274
1.239073
0.616930
0.279867
0.216170
0.630818
0.320014
0.650020
1.077194
0.426513
0.629845
0.730711
1.919286
1.202696
0.610540
0.023261
0.518705
0.183182
0.083306
0.463792
0.799120
2.146717
0.545039
0.641676
1.128069
0.474666
0.909387
0.171079
1.126055
0.843639
0.807475
0.742610
1.672368
0.006041
1.337835
0.881429
0.390759
1.307410
0.562834
0.256102
0.667587
1.168295
0.654943
0.481526
0.382883
0.401767
0.045412
0.049880
0.349240
1.039142
0.492475
0.508155
0.030767
2.921323
0.169679
0.310156
1.955305
0.284767
2.215493
1.054401
0.228872
0.967927
0.136751
1.763184
0.710417
0.922102
1.651172
0.375416
0.090623
0.936515
0.442493
0.441324
1.356442
0.202341
0.155630
0.724138
0.775905
0.503471
0.086529
0.410144
1.611750
1.120743
0.169965
0.911593
0.681520
2.268527
0.354062
0.723410
0.620384
1.336836
0.712988
0.216783
0.389367
0.760436
0.248176
0.141503
2.583388
1.226119
0.190630
0.338305
0.158769
4.531878
0.274852
0.098034
1.446132
0.834163
0.011949
0.271862
0.126096
0.693238
0.749195
0.635387
0.105036
0.855454
0.180528
0.782931
1.269103
1.010375
0.741698
0.155162
0.858611
0.169066
2.491287
1.773912
0.093922
0.698478
1.949767
0.251163
0.002098
0.812145
1.007586
1.677052
0.289076
0.619852
0.414379
0.305070
0.115847
1.703265
0.747155
0.139175
0.494649
0.387189
0.078504
0.467175
0.103895
0.165617
2.287727
1.576102
1.340666
1.086163
0.283724
0.353419
0.963369
0.887900
1.476035
1.119375
0.620215
0.825076
1.385539
0.451269
0.243047
0.611227
1.913048
0.796046
0.216133
0.874214
1.291190
0.867962
1.240620
0.042815
1.135737
2.298397
1.577042
0.974315
0.048269
0.872078
0.047351
3.822253
0.029893
0.349820
1.530926
0.148139
0.159289
0.166134
1.337789
0.827741
0.035468
0.757894
0.759868
0.789978
1.667936
0.909902
0.545160
0.789513
0.623274
0.219361
2.852542
0.220006
0.091353
0.314484
0.155469
1.883225
0.579491
0.390800
0.349464
1.982983
0.334268
0.460715
0.513132
1.029507
0.142996
0.050351
0.970371
0.318914
0.672798
0.025261
0.133735
0.175046
1.404374
0.752874
0.504072
0.205303
0.049177
0.763357
0.143714
0.483052
0.697977
1.778004
0.000821
0.038023
0.774851
0.061245
0.977484
0.411701
1.776334
1.258735
0.933023
1.374704
0.331371
0.086426
0.394176
0.304708
0.730142
0.180496
3.024707
3.987761
0.957110
0.830473
0.716960
0.291936
0.277657
0.562370
0.140299
0.147853
1.938851
0.668721
0.857755
0.937843
0.675622
0.457829
1.260352
2.589643
0.080783
0.458563
0.637620
0.581216
0.496039
1.075091
0.877904
1.313760
0.680059
0.170644
3.226327
0.985292
1.582405
0.304809
2.363412
0.100733
0.100978
0.042179
0.648613
0.351402
1.805147
0.089363
1.802032
0.047955
0.317669
0.460404
1.378459
0.490296
0.108397
0.606535
0.096255
0.720106
2.147400
0.067878
0.447416
0.567836
0.071695
0.351966
2.341914
0.147497
0.686078
0.553368
0.837609
1.428917
0.567111
1.156444
2.096592
1.113877
0.503735
0.187462
1.225178
0.170985
0.051340
0.259525
0.011087
0.466390
0.476079
0.879862
0.186984
1.715643
0.288435
0.071037
1.381239
0.605138
0.861595
0.149542
0.147366
0.191853
0.438186
0.233154
1.188899
0.133189
0.651916
2.214342
0.318346
1.151222
2.125276
1.191146
1.108007
0.210052
0.799977
0.046849
0.204674
0.904189
0.444796
0.003587
0.027473
0.925951
0.735950
1.296465
0.463213
1.061020
2.143532
0.126788
0.362299
1.542220
1.134045
0.662614
1.441231
3.039436
0.653900
0.262052
0.557883
0.272045
0.277819
0.596875
0.051121
0.045204
0.370070
0.097390
0.561059
0.256867
0.990613
0.045794
3.217453
0.330797
0.343010
1.168474
2.977225
0.538942
1.143440
0.055995
0.419770
0.507780
1.406385
0.426067
0.455979
0.487900
0.576193
0.068351
0.566927
0.382316
0.179391
0.774155
0.030612
0.123480
3.382225
0.347702
1.290445
2.846890
1.553057
1.269249
0.078801
1.538377
0.220588
4.074762
0.014308
0.895424
0.456144
0.246802
0.333396
1.013097
0.069516
1.093772
0.250349
0.443609
2.386895
5.129021
1.407657
1.430323
0.371407
0.770740
1.155878
0.215649
0.990873
0.154081
0.882850
2.550294
2.497357
1.518119
0.171633
0.794004
0.210032
0.427554
1.053211
0.124491
0.897390
0.502267
1.422451
0.727091
1.544847
2.329848
1.292313
0.994612
0.084371
0.166253
0.051999
0.677987
0.195630
0.306658
0.396936
0.150558
0.276383
0.261965
1.707731
0.207353
0.101711
2.369325
0.122806
2.125578
0.346611
0.727075
0.716857
1.856279
0.593768
0.075745
0.455459
0.331062
0.596518
0.621875
2.986794
0.586345
0.269024
0.581647
0.311697
0.128833
0.084476
0.864302
0.131677
0.201330
0.288203
0.438417
1.892023
0.244734
0.791622
0.783382
1.618027
0.819444
2.119141
0.467562
0.046481
0.657370
0.000203
2.281366
0.282940
0.556279
0.824251
0.095704
0.360612
0.365158
2.458505
0.130268
1.357540
0.887584
1.042334
1.319328
0.536963
2.569308
0.634520
0.347497
0.045825
0.100072
0.549663
0.927967
0.078340
0.050464
1.052426
0.060053
0.009000
0.722512
3.088273
0.761559
2.603221
0.210034
1.011954
0.646383
0.416534
0.697660
0.950274
0.136159
0.894713
1.484265
0.046079
0.023801
2.056361
0.874480
0.481135
0.028490
0.976139
1.272563
0.385633
0.832645
1.164169
0.031020
0.595063
0.162964
0.760526
0.265120
0.101118
0.686685
0.163346
0.719435
0.520834
1.144841
0.234648
1.662216
0.647835
1.346389
0.905325
0.113847
0.209616
0.327925
0.464296
0.342700
1.162752
1.002733
0.009083
2.034031
1.054285
0.677012
1.472798
0.011645
0.632810
1.116811
1.805420
0.278912
2.412729
0.784836
3.433107
0.641068
1.867818
0.688413
0.561083
1.577844
0.939795
0.643211
0.553749
0.511110
0.338008
0.419785
0.909175
0.083159
1.379669
1.317258
0.184883
0.968917
0.739202
0.708483
0.049187
4.060826
0.200216
1.661166
3.572887
1.249254
0.378322
0.042344
0.041967
1.148506
1.666206
1.710674
1.110515
0.260244
1.669446
0.693230
0.958310
0.087328
1.525139
0.342169
0.503111
1.045947
0.434927
0.977723
1.806914
2.195469
0.021429
1.106489
3.179341
1.604261
0.879111
0.162213
0.067500
0.728288
1.097371
0.757157
0.021323
0.169321
1.537956
0.050236
0.406664
0.251310
0.438144
2.024927
1.762576
0.481075
0.057682
0.186436
0.024956
0.424634
1.461804
0.463386
0.156736
0.170105
0.077928
0.949354
0.359465
2.045877
0.912394
0.603379
0.652507
0.006077
0.261747
0.356214
0.022689
3.780473
0.443099
0.368497
0.893229
1.372726
0.497133
0.998610
1.089260
0.093554
1.058309
1.149996
1.681987
0.187988
0.335370
0.451479
0.975094
1.196730
0.047774
0.079042
0.298177
2.376228
1.314712
0.358642
0.069443
0.292613
0.467347
0.143290
0.679478
0.609667
0.177052
2.719899
0.317871
0.727746
0.699246
0.422458
4.332752
0.853584
0.380090
0.674743
0.380745
0.264733
0.352687
1.440260
0.120715
0.618636
0.283127
1.581080
0.079646
0.534557
0.344901
0.403998
1.369982
0.863596
0.070997
2.841131
2.042545
0.049407
0.134486
0.694208
2.613893
0.162113
0.057116
0.400112
0.171766
0.398330
0.350982
0.708549
0.153000
0.417891
2.159284
0.212711
1.080091
0.375855
0.756696
0.006498
1.283796
0.952418
0.271362
1.157067
0.249150
2.027189
0.184363
1.151729
0.031725
1.178759
0.097598
0.896450
0.042224
0.839772
0.551020
0.533623
0.766200
0.205007
0.913867
0.429070
0.043316
3.089960
2.273052
0.036743
0.559645
0.846103
0.169419
0.790278
0.140715
0.192307
0.015266
0.792052
3.304045
0.415598
0.366940
0.324620
0.131225
0.311761
0.933979
0.797956
0.312997
0.483032
1.609344
0.141695
2.003222
1.032235
0.534657
2.108400
1.565545
0.166981
0.778344
0.424352
1.425427
0.092942
0.581466
0.035929
1.112165
0.195183
0.642843
0.963033
1.365344
0.436394
0.326195
1.924160
1.959628
0.410729
1.787755
1.954115
0.250890
1.540610
0.010536
0.473176
0.043745
0.669303
1.264785
0.948580
0.641145
0.026592
0.147502
2.439483
0.866308
0.494329
0.009273
0.636406
1.478052
0.204752
0.607048
0.571037
0.825668
0.717314
1.409866
2.784913
0.973094
0.993181
0.534232
0.324977
1.023532
0.191309
0.224015
0.852136
1.790052
0.144465
0.286597
0.065598
0.186872
2.186928
0.062643
1.118350
1.194577
0.238707
0.358479
0.121560
0.703072
0.218517
0.062071
0.601656
0.152755
0.049688
0.621940
0.035463
4.649966
0.650800
0.705112
0.519051
0.430629
0.717443
0.095465
0.992748
1.564507
0.560722
1.096159
1.120858
0.868543
0.239218
1.079052
0.267806
1.301641
0.281752
0.569892
0.561182
0.759206
0.094302
0.053802
1.867560
0.299029
3.287700
0.820920
0.372517
0.687120
0.976632
5.661636
1.624557
1.793867
5.986072
1.092554
0.561020
0.203824
1.642505
0.233435
0.428239
0.852776
0.151887
0.095819
1.016584
0.460665
1.033399
1.137637
3.222715
0.343301
0.101908
0.301782
2.710906
0.143618
1.070647
0.475990
1.276617
1.573108
0.551722
0.663349
0.310560
0.082398
0.083162
0.223404
0.222211
2.432152
0.036323
1.458124
0.050979
3.405132
0.923576
0.290799
0.779372
1.064226
1.418141
0.126392
2.045823
1.107952
2.025598
0.058704
2.201049
1.208927
0.155068
1.163819
0.986721
0.458015
0.910898
0.244607
0.140470
0.416050
1.532989
0.163910
0.218560
0.499973
0.763451
2.062242
0.754410
0.264762
0.313443
0.903798
2.073971
2.158977
0.682208
0.264887
1.499157
0.173705
1.817481
0.264976
0.122729
0.020830
0.458622
0.344763
1.012530
1.581710
0.446853
2.200723
4.269340
0.354948
0.153077
0.056778
0.243158
0.327205
3.812556
0.291248
0.135283
2.373602
0.734775
0.830502
1.328821
0.501196
1.201363
0.759846
0.073400
0.006603
1.168600
0.013012
1.187734
0.368760
1.965624
0.036161
0.040717
1.915739
0.179161
1.166211
0.171551
0.680373
0.177049
0.606549
1.041800
0.670786
1.581327
0.301723
0.630150
0.788955
2.045518
0.865718
0.018723
0.520724
0.010509
0.308309
1.866355
0.355695
0.424066
2.053586
0.973899
0.092298
3.468208
0.857333
1.680001
1.397424
4.035125
0.145617
0.058237
0.016923
0.560967
0.000192
1.126777
0.115821
1.252402
0.289816
0.517093
0.050775
0.129411
0.000721
0.724967
0.030202
0.099093
0.393544
2.701351
0.593974
0.698821
0.294144
0.005478
0.018194
0.605350
3.239386
0.809616
0.260949
0.361902
2.551188
0.191811
1.852052
0.448138
1.024393
0.558307
0.040464
0.110850
1.323370
0.783609
0.825776
2.211091
1.528948
0.403679
2.325543
0.546305
0.730333
0.129611
0.963638
0.230679
0.049663
0.608304
0.059526
2.208447
2.996702
1.113476
0.136718
0.534986
0.375248
1.750434
1.152970
0.282507
1.560284
0.151220
0.287573
0.023613
0.222893
1.079562
0.064228
0.280032
1.336044
0.083213
2.214631
0.199524
1.150623
0.358869
0.477801
0.311988
0.631575
0.473238
0.455862
0.596816
0.095036
0.730804
0.236975
0.500583
0.381054
0.082005
0.324896
0.785611
0.008435
0.152658
1.995190
0.450535
0.024202
1.052502
0.925779
0.729338
0.032385
5.676471
0.021800
0.846617
0.479852
1.475615
0.603949
0.481854
1.001343
0.064438
1.035714
1.938933
0.445559
0.542026
0.449124
0.397428
0.789010
0.675310
1.026076
0.819701
0.086192
1.161339
0.631336
0.134641
2.187003
0.193778
1.086840
0.336713
1.039632
0.814262
0.087066
0.724557
0.832075
0.543142
2.199789
0.030774
0.864666
0.082160
0.543255
0.136723
1.579528
0.346877
0.312968
0.164270
0.714532
0.192522
0.781848
0.620547
0.092062
0.135959
0.103242
0.036222
0.930082
0.588535
0.796119
0.699341
1.401496
0.915583
2.269765
0.905804
1.067827
0.650491
0.097935
0.654345
0.227066
0.432502
0.733112
0.145080
0.318240
1.277378
1.577663
1.125730
0.149342
0.367647
1.555835
1.543580
0.865501
1.860675
1.841920
1.252779
2.091205
0.434063
1.693063
0.135974
0.705877
0.785918
0.524896
0.251524
0.822790
0.563040
0.671086
1.123417
0.556800
0.526676
1.118737
1.641118
1.127571
1.481655
0.988183
3.221652
0.229529
0.119500
0.147233
0.955807
0.079021
0.046961
1.903099
0.658625
0.045379
0.551461
0.499301
0.019588
0.542440
0.266533
1.049244
0.521207
1.476038
0.297653
0.797569
1.533869
2.310361
0.214493
4.015278
0.057209
2.740066
1.013665
0.273080
1.267919
0.085422
1.156559
0.117724
0.354461
0.138859
1.085003
2.974742
0.088526
4.741516
0.175236
0.214778
0.803954
0.033694
0.323230
1.671057
0.379054
0.363315
0.754958
0.980747
1.130594
0.504519
0.918199
0.323154
1.208421
0.015442
0.571123
0.110364
