0.028858
0.376031
0.288594
0.058893
0.136812
0.119382
0.210877
0.310917
0.019712
0.005751
0.361292
0.113397
0.287332
0.000422
0.117897
0.255696
0.051952
0.581071
0.463393
0.006214
0.005155
0.155921
0.559866
0.095996
0.048822
0.109677
0.005894
0.050127
0.115211
0.136961
0.053076
0.052498
0.049380
0.123090
0.068437
0.004345
0.363511
0.162591
0.205609
0.041136
0.979731
0.393146
0.025769
0.080902
0.255656
0.248398
0.551156
0.109673
0.354433
0.221918
0.072300
0.177143
0.428228
0.374417
0.140754
0.177834
0.007027
0.055610
0.319309
0.106994
0.037992
0.159168
0.242832
0.224470
0.093906
0.115593
0.142029
0.301415
0.147185
0.099929
0.134549
0.006004
0.008892
0.243062
0.817129
0.179879
0.100043
0.037350
0.139527
0.804330
0.294391
0.155140
0.393637
0.052839
0.144215
0.609268
0.172453
0.122916
0.062745
0.158813
0.629853
0.001145
0.306176
0.343500
0.434627
0.269802
0.331243
0.146244
0.164814
0.111057
0.011552
0.408060
0.168794
0.044589
0.140527
0.132689
0.088257
0.084953
0.154645
0.195362
0.189583
0.122552
0.005675
0.052170
0.039011
0.175636
0.394669
0.320333
0.319006
0.339040
0.058953
0.368709
0.223628
0.017381
0.003366
0.002933
0.281779
0.057419
0.023192
0.196060
0.084448
0.014410
0.034782
0.149893
0.036819
0.063742
0.248674
0.121284
0.077722
0.128404
0.004784
0.097734
0.109262
0.041661
0.023029
0.460154
0.142717
0.046914
0.186103
0.339697
0.004208
0.003605
0.031673
0.253763
0.034925
0.243889
0.226750
0.157361
0.049846
0.742589
0.319710
0.145382
0.050513
0.209113
0.100472
0.171532
0.077499
0.199363
0.012117
0.070937
0.687800
0.416745
0.073168
0.391111
0.074318
0.560324
0.272392
0.107630
0.058166
0.001703
0.421927
0.007731
0.342310
0.655095
0.168925
0.037632
0.404659
0.728210
0.243495
0.142211
0.094953
0.085214
0.046074
0.224265
0.113462
0.043164
0.022058
0.219297
0.070216
0.138549
0.078711
0.410554
0.459875
0.003652
0.044842
0.079422
0.869328
0.305296
0.082829
0.047913
0.224451
0.363663
0.538202
0.084273
0.428082
0.232381
0.132523
0.846835
0.053482
0.258535
0.017696
0.037192
0.483796
0.047897
0.284688
0.183363
0.367937
0.091807
0.083190
0.068841
0.404114
0.185259
0.617164
0.436543
0.029085
0.160222
0.022024
0.007985
0.015202
0.402235
0.310344
0.352641
0.083375
0.190999
0.304564
0.094976
0.169158
0.050647
0.017056
0.062047
0.442856
0.166228
0.518233
0.122413
0.064920
0.309306
0.351783
0.002492
0.221982
0.019232
0.024457
0.432669
0.008169
0.054791
0.887229
0.109295
0.024560
0.036636
0.055261
0.272521
0.021703
0.483295
0.095052
0.703080
0.479869
0.069635
0.058448
0.129639
0.021101
0.211139
0.008085
0.002112
0.810069
0.070068
0.181551
0.119511
0.075166
0.013007
0.489273
0.700071
0.699960
0.023613
0.048464
0.192366
0.781934
0.156576
0.233072
0.216844
0.059974
0.156004
0.073438
0.056574
0.016974
0.065919
0.819390
0.118806
0.211117
0.206265
0.565146
0.099016
0.073283
0.079274
0.076175
0.375640
0.447923
0.072139
0.081393
0.157151
0.173018
0.181250
0.056233
0.004117
0.055879
0.015015
0.160238
0.014711
0.015620
0.201781
0.068730
0.314221
0.135952
0.397043
0.033490
0.139202
0.316933
0.016048
0.596082
0.038049
0.299409
0.838557
0.344690
0.077069
0.022606
0.144457
0.503545
0.069483
0.448409
0.030556
0.482662
0.006455
0.075980
0.466791
0.325782
0.475362
0.367416
0.274230
0.233976
0.039241
0.113352
0.034371
0.250930
0.220391
0.058227
0.013316
0.661464
0.330315
0.159377
0.155906
0.381155
0.120775
0.100740
0.082700
0.059673
0.004942
0.207940
0.107805
0.169075
0.012870
0.087683
0.029766
0.026736
0.059981
0.353142
0.101432
0.102526
0.189579
0.053192
0.001501
0.150453
0.138990
0.209302
0.115364
0.232000
0.262923
0.054460
0.136668
0.130335
0.050994
0.106289
0.164381
0.474901
0.499493
0.064379
0.207926
0.009880
0.014848
0.143362
0.419805
0.034744
0.290511
0.429133
0.074736
0.235893
0.378083
0.092920
0.241652
0.266678
0.180565
0.387974
0.453839
0.644170
0.169368
0.038784
0.057695
0.049083
0.168570
0.283557
0.010708
0.228912
0.252570
0.085536
0.144744
0.036016
0.261790
0.008312
0.795004
0.329993
0.198014
0.062266
0.488054
0.640989
0.029961
0.299005
0.368945
0.215596
0.241067
0.117779
0.516216
0.709528
0.096368
0.324618
0.113452
0.036006
0.078747
0.027011
0.479126
0.640916
0.025382
0.183598
0.104925
0.025133
0.070046
0.057061
0.276921
0.000803
0.042104
0.115526
0.004252
0.197518
0.186092
0.360765
0.046287
0.067033
0.156325
0.063828
0.176251
0.057772
0.230104
0.313171
0.330735
0.727000
0.157657
0.134987
0.387169
0.293126
0.169047
0.096660
0.066828
0.022889
0.329583
0.025129
0.275083
0.157618
0.670169
0.286313
0.726271
0.029374
0.138778
0.169997
0.074576
0.139846
0.088266
0.150322
0.000169
0.116792
0.119405
0.072711
0.101966
0.305652
0.230031
0.135573
0.208636
0.094821
0.045610
0.000777
0.065041
0.182342
0.426844
0.353712
0.143062
0.868841
0.123824
0.359870
0.105176
0.273009
0.877878
0.072866
0.037341
0.193535
0.151412
0.089077
0.000705
0.098585
0.110980
0.103924
0.395010
0.175620
0.264725
0.456378
0.276280
0.135731
0.273902
0.204528
0.209249
0.198675
0.104512
0.198452
0.200878
0.553299
0.305087
0.374509
0.291773
0.337832
0.186008
0.085987
0.061464
0.246214
0.414203
0.157161
0.032991
0.357923
0.132540
0.125885
0.009290
0.142785
0.273101
0.109843
0.087756
0.213914
0.003988
0.141516
0.584226
0.234526
0.102807
0.233533
0.185771
0.046863
0.046565
0.434356
0.062687
0.015567
0.355190
0.148131
0.091839
0.143291
0.266912
0.036918
0.211725
0.249959
0.337484
0.062877
0.188151
0.052823
0.164672
0.037836
0.311908
0.403057
0.079989
0.050288
0.663675
0.245305
0.371314
0.006202
0.459307
0.194812
0.076114
0.113044
0.286755
0.307807
0.042120
0.196639
0.036216
0.722753
0.117245
0.488703
0.260573
0.186413
0.060758
0.149560
0.029844
0.029723
0.251580
0.089598
0.278363
0.055017
0.253282
0.253508
0.072911
0.022496
0.101170
0.135597
0.021066
0.041346
0.011387
0.182019
0.439422
0.048812
0.007066
0.243428
0.337383
0.665524
0.189959
0.083845
0.363870
0.025128
0.235945
0.020015
0.102067
0.136648
0.094929
0.036928
0.052720
0.343126
0.124194
0.173468
0.047628
0.251008
0.080131
0.180093
0.480452
1.036762
0.009464
0.319347
0.389806
0.077007
0.096625
0.173621
0.502267
0.102141
0.424103
0.284227
0.033039
0.489939
0.003059
0.031372
0.218612
0.011763
0.095443
0.027848
0.124310
0.366492
0.473072
0.007223
0.012556
0.367298
0.008752
0.063928
0.024985
0.019090
0.005602
0.202953
0.272996
0.232164
0.373671
0.217544
0.098762
0.199426
0.698628
0.205223
0.055703
0.012414
0.547185
0.178561
0.086038
0.185953
0.164313
0.147701
0.012546
0.087152
0.106427
0.044471
0.424228
0.110371
0.217170
0.250036
0.271956
0.255391
0.279034
0.057958
0.749333
0.032742
0.501792
0.385610
0.382331
0.010851
0.019130
0.335389
0.126661
0.092487
0.835817
0.008189
0.151629
0.117164
0.027440
0.100568
0.245959
0.427950
0.004986
0.148682
0.018945
0.322281
0.017938
0.006958
0.096978
0.263807
0.075144
0.027854
0.316532
0.328929
0.387394
0.072408
0.110618
0.056311
0.162917
0.080128
0.082698
0.306145
0.626064
0.175481
0.022117
0.211441
0.119063
0.885080
0.254152
0.360103
0.241654
0.153410
0.454253
0.356303
0.068872
0.034165
0.092519
0.147243
0.020491
0.084740
0.171089
0.008911
0.337424
0.210604
0.075274
0.070856
0.086963
0.078694
0.276073
0.139053
0.149364
0.032211
0.491656
0.078778
0.079370
0.014266
0.776605
0.130669
0.488105
0.525157
0.699666
0.338161
0.519239
0.510953
0.323260
0.028908
0.148346
0.171418
0.978505
0.306448
0.242748
0.274596
0.089751
0.570547
0.206285
0.103025
0.124938
0.779969
0.151912
0.036736
0.032117
0.232465
0.165462
0.474615
0.040815
0.105903
0.260361
0.010281
0.020899
0.157803
0.061775
0.022620
0.060680
0.200011
0.149469
0.016350
0.015120
0.380262
0.206138
0.038079
0.395860
0.004418
0.091806
0.376288
0.247767
0.066746
0.443799
0.182299
0.401228
0.446599
0.110832
0.225156
0.157262
0.579124
0.320057
0.258793
0.336437
1.259593
0.059294
0.044970
0.274702
0.294225
0.144426
0.133525
0.103417
0.428599
0.318155
0.175702
0.008189
0.380952
0.122665
0.042085
0.071151
0.235099
0.001104
0.025577
0.072095
0.436412
0.274763
0.706661
0.156627
0.169712
0.160314
0.149152
0.156195
0.341374
0.613097
0.104951
0.198832
0.073564
0.071882
0.141172
0.176507
0.159699
0.750830
0.035579
0.202486
1.041732
0.266464
0.166900
0.091888
0.102879
0.551416
0.451389
0.221536
0.458028
0.518490
0.374607
0.096712
0.124860
0.317836
0.093245
0.276751
0.131332
0.082058
0.121816
0.024775
0.087545
0.107295
0.003666
0.037766
0.060284
0.390222
0.178113
0.067695
1.217304
0.059660
0.144222
0.269046
0.235090
0.113657
0.300115
0.133026
0.251380
0.135209
0.711533
0.251883
0.019165
0.027731
0.679330
0.052073
0.005297
0.058398
0.130703
0.608014
0.101875
0.257113
0.359591
0.018678
0.189294
1.093791
0.159522
0.152923
0.085145
0.584145
0.698658
0.021778
0.160965
0.108818
0.222733
0.025259
0.061668
0.065355
0.130675
0.315281
0.390171
0.308752
0.225901
0.018246
0.098767
0.220947
0.069698
0.141782
0.470941
0.024695
0.384661
0.022372
0.097671
0.471597
0.044929
0.147104
0.107778
0.437757
0.967287
0.068102
0.135642
0.450769
0.157402
0.048319
0.285142
0.082223
0.133096
0.001720
0.901374
0.214170
0.520233
0.692733
0.062268
0.155539
0.116053
0.285303
0.369521
0.051899
0.064197
0.245013
0.106084
0.027899
0.043460
0.164583
0.182507
0.644133
0.152191
0.187800
0.032234
0.106820
0.065643
0.237766
0.062138
0.048262
0.091673
0.127183
0.082617
0.186145
0.039984
0.423903
0.236946
0.153042
0.011984
0.078907
0.234306
0.207164
0.334214
0.444217
0.075774
0.136137
0.080108
0.027375
0.030192
0.059269
0.018429
0.154796
0.242752
0.165598
0.230888
0.051301
0.044480
0.167669
0.431326
0.109728
0.000849
0.004051
0.072856
0.191097
0.017671
0.050852
0.228319
0.839834
0.083428
0.183828
0.146141
0.004679
0.080046
0.030035
0.057756
0.293919
0.228640
0.008378
0.016107
0.258145
0.021787
0.076258
0.062761
0.010210
0.006333
0.029940
0.101941
0.542730
0.203431
0.055430
0.227665
0.063940
0.144819
0.077671
0.593900
0.086885
0.325483
0.204994
0.370717
0.186362
0.408637
0.103894
0.227265
0.193852
0.150042
0.166225
0.153472
0.100099
0.457184
0.200331
0.159312
0.011090
0.142070
0.038510
0.048420
0.114049
0.157913
0.057646
0.063198
0.151067
0.128200
0.103264
0.021908
0.093514
0.212507
0.157140
0.157383
0.371347
0.256865
0.230776
0.006177
0.073671
0.229400
0.033867
0.489460
0.030613
0.422594
0.048738
0.368513
0.377077
0.081733
0.438912
0.034815
0.378240
0.096167
0.115863
0.025081
0.183761
0.062875
0.219850
0.321276
0.185109
0.001644
0.608713
0.504350
0.205968
0.095448
0.165068
0.428795
0.123063
0.302116
0.182539
0.109733
0.542191
0.104995
0.186169
0.010949
0.127264
0.007626
0.243569
0.000118
0.008595
0.023560
0.030066
0.141887
0.088101
0.063190
0.822383
0.479379
0.212762
0.323986
0.342636
0.056253
0.330350
0.054838
0.165270
0.088545
0.034552
0.299986
0.496203
0.075288
0.423657
0.085008
0.214329
1.094039
0.295744
0.011455
0.114141
0.094418
0.069609
0.338711
0.116328
0.240289
0.201534
0.146376
0.011532
0.223581
0.443986
0.037797
0.205861
0.133667
0.083402
0.247869
0.739374
0.004381
0.455200
0.096655
0.358971
0.038404
0.252173
0.021005
0.081777
0.700704
0.213781
0.306981
0.123721
0.127417
0.135701
0.296698
0.256928
0.043077
0.116180
0.156188
0.169460
0.522833
0.366201
0.032476
0.094360
0.023076
0.005315
0.015503
0.040415
0.290553
0.220056
0.319770
0.068077
0.033805
0.715828
0.349769
0.586672
0.003793
0.101018
0.200914
0.266418
0.487568
0.154322
0.099119
0.001068
0.325789
0.805239
0.475562
0.217101
0.083855
0.054664
0.298348
0.547999
0.645412
0.038622
0.176065
0.143947
0.111522
0.316365
0.549096
0.257924
0.240999
0.234633
0.212007
0.153899
0.056981
0.302351
0.025361
0.206502
0.097874
0.164179
0.205130
0.130372
0.764200
0.054675
0.002449
0.621368
0.074796
0.065166
0.107420
0.180757
0.855383
0.245875
0.076639
0.153010
0.119090
0.139265
0.108122
0.036693
0.100665
0.098561
0.044809
0.339565
0.089255
0.032854
0.167345
0.372664
0.303336
0.194594
0.262637
0.081929
0.030796
0.058877
0.085958
0.065460
0.126133
0.032276
0.027913
0.058264
0.043757
0.323595
0.154246
0.044232
0.112149
0.411013
0.172366
0.161449
0.099292
0.043591
0.196382
0.016058
0.308533
0.011849
0.274358
0.096457
0.229400
0.178811
0.027663
0.154656
0.015412
0.055208
0.096146
0.067282
0.216800
0.866034
0.088279
0.364770
0.051004
0.247114
0.085456
0.153300
0.018551
0.351301
0.046850
0.124520
0.068581
0.332360
0.179589
0.190998
0.281094
0.058846
0.012003
0.352699
0.075844
0.334551
0.627641
0.198414
0.021805
0.384812
0.200712
0.056446
0.046606
0.141742
0.025923
0.472935
0.246106
0.342164
0.096843
0.513287
0.028764
0.251932
0.058768
0.000728
0.025769
0.045015
0.288231
0.094979
0.131568
0.190167
0.062302
0.203462
0.222687
0.508598
0.139779
0.386599
0.686858
0.292977
0.109357
0.063485
0.020569
0.355603
0.027760
0.163975
0.121002
0.009177
0.048246
0.346204
0.154724
0.516446
0.477137
0.019749
0.226713
0.008719
0.109867
0.116599
0.628720
0.180930
0.042144
0.142567
0.147557
0.043899
0.089173
0.419920
0.797683
0.299997
0.013335
0.472630
0.122667
0.359221
0.038906
0.031960
0.474306
0.067241
0.008802
0.139049
0.932739
0.360967
0.100935
0.994478
0.318585
0.369115
0.207752
0.100301
0.472275
0.127213
0.545576
0.160678
0.481273
0.129695
0.111311
0.177678
0.076343
0.032362
0.177994
0.380712
0.065084
0.400528
0.309414
0.298933
0.107273
1.337968
0.312968
0.171439
0.024097
0.170577
0.002897
0.464984
0.082105
0.091882
0.160094
0.202926
0.174803
0.132689
0.201219
0.375650
0.118194
0.138661
0.332512
0.000682
0.035040
0.078617
0.048144
0.452692
0.032085
0.022832
0.076311
0.142116
0.344612
1.087566
0.381933
0.187726
0.007665
0.013114
0.199249
0.342829
0.061716
0.696172
0.159874
0.170556
0.192793
0.015574
0.037359
0.550376
0.062202
0.017393
0.066377
0.259032
0.060982
0.047292
0.064905
0.130948
0.267538
0.071713
0.413518
0.744963
0.345213
0.015619
0.075801
0.520160
0.392345
0.028602
0.116760
0.090493
0.275245
0.005826
0.075807
0.277083
0.435844
0.008295
0.177518
0.217896
0.412583
0.110531
0.722752
0.043986
0.024380
0.027863
0.176728
0.026122
0.062012
0.043706
0.011376
0.656061
0.081571
0.664935
0.256917
0.049633
0.539264
0.001879
0.799678
0.006559
0.058422
0.160573
0.001844
0.289389
0.017691
0.339748
0.007147
0.150222
0.047002
0.068150
0.134859
0.092845
0.099510
0.211934
0.043443
0.040057
0.230652
0.070469
0.540479
0.111109
0.128499
0.004689
0.004174
0.022134
0.196501
0.218453
0.608136
0.113292
0.245975
0.084198
0.015390
0.109009
0.241880
0.326157
0.607242
0.356964
0.165846
0.159864
0.139068
0.129867
0.228194
0.171466
0.389209
0.119594
0.127420
0.356853
0.225178
0.148657
0.165769
0.327675
0.186984
0.059992
0.074283
0.185574
0.009386
0.122342
0.444952
0.052831
0.117454
0.240465
0.519401
0.238325
0.196609
0.096868
0.115023
0.205415
0.088111
0.307304
0.001645
0.278396
0.270995
0.073184
0.003015
0.082546
0.177923
0.309243
0.408608
0.046781
0.017054
0.025541
0.902852
0.207374
0.027477
0.234731
0.641181
0.187012
0.052942
0.656095
0.241164
0.040419
0.290673
0.140306
0.170683
0.091074
0.069558
0.109096
0.149479
0.123772
0.402380
0.015421
0.044376
0.554534
0.187226
0.192221
0.198715
0.055809
0.100399
0.047182
0.032971
0.911510
0.272370
0.422620
0.000293
0.243798
0.073421
0.137795
0.224941
0.006337
0.092648
0.161440
0.414896
0.143983
0.076423
0.185147
0.175228
0.069144
0.158837
0.064627
0.002271
0.074423
0.018079
0.135412
0.139090
0.408386
0.275591
0.276762
0.914046
0.061489
0.093277
0.052418
0.021625
0.144816
0.143213
0.027789
0.511601
0.767972
0.014150
0.000635
0.012758
0.263153
0.382814
0.013691
0.001801
0.154415
0.080907
0.003783
0.001768
0.047489
0.044656
0.070015
0.159998
0.057905
0.053188
0.047334
0.436075
0.054517
0.162085
0.120527
0.080515
0.104431
0.003224
0.040925
0.204408
0.286667
0.049275
0.038846
0.472239
0.020579
0.316813
0.420832
0.031635
0.357922
0.032517
0.008813
0.067440
0.084417
0.178095
0.116866
0.315449
0.218586
0.025384
0.045222
0.274213
0.024645
0.609976
0.333795
0.049650
0.067406
0.058104
0.109929
0.057174
0.006559
0.058008
0.043333
0.086133
0.121124
0.414791
0.215501
0.191153
0.399800
0.097726
0.111058
0.056074
0.354629
0.419702
0.483440
0.185737
0.024171
0.015003
0.319437
0.433377
0.151972
0.507074
0.534073
0.281096
0.092580
0.121887
0.086737
0.100853
0.127473
0.003452
0.027243
0.036788
0.167318
0.410536
0.248540
0.032385
0.122381
0.197399
0.029049
0.016609
0.189370
0.053688
0.207160
0.037638
0.387457
0.074137
0.111849
0.159687
0.434923
0.496288
0.372598
0.230729
0.014340
0.041353
0.152974
0.841649
0.259032
0.042555
0.088010
0.656495
0.141752
0.408534
0.390379
0.304438
0.197258
0.219229
0.083734
0.025661
0.593471
0.006635
0.063185
0.190330
0.670092
0.047187
0.056730
0.376654
0.079222
0.103153
0.089176
0.010144
0.568849
0.239287
0.001370
0.020439
0.029110
0.092054
0.442041
0.030365
0.051774
0.074632
0.142954
0.462708
0.155070
0.467755
0.156145
0.113170
0.410309
0.173898
0.128863
0.143673
0.087896
0.113515
0.015410
0.045937
0.287936
0.028678
0.046702
0.035728
0.090160
0.010109
0.089360
0.188165
0.226625
0.404003
0.018221
0.206465
0.043709
0.083839
0.171194
0.363974
0.222102
0.843967
0.003622
0.075986
0.130925
0.007375
0.010759
0.091385
0.163814
0.029124
0.014150
0.076791
0.270589
0.167483
1.149192
0.185827
0.442176
0.170142
0.131139
0.107415
0.014835
0.013000
0.214827
0.392044
0.003846
0.039745
0.079341
0.075104
0.359390
0.058177
0.073118
0.133724
0.602402
0.069774
0.200863
0.009964
0.112930
0.524044
0.049028
0.088155
0.212347
0.166731
0.171619
0.187581
0.225024
0.077918
0.086685
0.101170
0.147770
0.167404
0.414240
0.100782
0.119294
0.357539
0.708609
0.055651
0.262186
0.056901
0.270278
0.007858
0.141501
0.168784
0.240522
0.497857
0.317042
0.165601
0.137503
0.002663
0.160890
0.165210
0.271038
0.036160
0.177668
0.010592
0.258852
0.344755
0.115171
0.232749
0.217126
0.072366
0.018477
0.283762
0.088346
0.035199
0.116753
0.357882
0.616635
0.167560
0.700356
0.038093
0.134833
0.001682
0.053306
0.418401
0.012246
0.212512
0.142483
0.877641
1.010176
0.026327
0.060782
0.951633
0.080079
0.039807
0.485568
0.192060
0.073679
0.161661
0.111516
0.122492
0.160648
0.037212
0.191216
0.620970
0.179317
0.309762
0.066406
0.033588
0.001292
0.796048
0.025354
0.095612
0.212682
0.265303
0.192536
0.115808
0.337408
0.116808
0.360730
0.011108
0.256034
0.020473
0.098061
0.117177
0.040175
0.119185
0.383321
0.007417
0.043114
0.742762
0.119555
0.098773
0.487559
0.299109
0.038117
0.182204
0.039789
0.298972
0.162581
0.320482
0.013426
0.526235
0.052224
0.379133
0.116535
0.439376
0.021437
0.011059
0.126331
0.533195
0.125215
0.141641
0.035871
0.155755
0.111446
0.437698
0.270148
0.129927
0.032258
0.031554
0.709811
0.188843
0.050971
0.333178
0.048700
0.121025
0.419401
0.021830
0.021729
0.010803
0.032905
0.093851
0.077617
0.065735
0.002853
0.133542
0.117891
0.270030
0.072222
0.174066
0.075127
0.279669
0.038267
0.134414
0.118038
0.122771
0.154487
0.153634
0.076061
0.347577
0.605182
0.163746
0.201844
0.257214
0.077076
0.179440
0.124199
0.132497
0.100221
0.153686
0.049215
0.055157
0.044669
0.180521
0.056295
0.303399
0.471410
0.285196
0.079583
0.571666
0.084405
0.089747
0.180911
0.216161
0.105133
0.308979
0.384181
0.068106
0.050876
0.101314
0.239869
0.221625
0.038627
0.098433
0.464270
0.643301
0.185382
0.302933
0.366271
0.050255
0.013630
0.189020
0.097126
0.248095
0.069537
0.113819
0.330355
0.019577
0.104796
0.033268
0.152548
0.263930
0.871463
0.280052
0.031156
0.114897
0.156260
0.203090
0.241357
0.724671
0.570179
0.046780
0.034486
0.701524
0.034995
0.689820
0.025530
0.175871
0.027825
0.028728
0.081243
0.315728
0.242310
0.076332
0.029489
0.088829
0.038269
0.053581
0.137413
0.134169
0.511785
0.018809
0.152239
0.166395
0.030810
0.089418
0.029670
0.448190
0.085708
0.013410
0.128938
0.150595
0.436471
0.253941
0.046169
0.477961
0.001014
0.238932
0.008614
0.342610
0.041996
0.319191
0.335778
0.295229
0.023340
0.102259
0.022141
0.253617
1.025265
0.147934
0.211090
0.219957
0.030797
0.092872
0.085817
0.277758
0.105997
0.091788
0.159257
0.046120
0.013504
0.054362
0.004214
0.221407
0.122041
0.191761
0.167752
0.011143
0.337562
0.341711
0.001523
0.112489
0.308098
0.107381
0.392918
0.237622
0.216133
0.472396
0.301880
0.175879
0.009691
0.121201
0.233424
0.148115
0.175768
0.085957
0.368012
0.056324
0.204074
0.114808
0.032207
0.003852
0.027834
0.067996
0.127870
0.005426
0.013899
0.318330
0.784763
0.112778
0.126896
0.184610
0.020377
0.154734
0.224183
0.577456
0.206097
0.157448
0.105568
0.485680
0.148194
0.129861
0.264683
0.115203
0.013924
0.179215
0.402004
0.092189
0.020224
0.022346
0.473600
0.023552
0.212380
0.018315
0.143639
0.484258
0.053438
0.073453
0.189020
0.170417
0.164415
0.099528
0.008351
0.180890
0.064805
0.193740
0.115210
0.062564
1.094011
0.077615
0.708422
0.129906
0.152721
0.062636
0.038187
0.244935
0.121594
0.175977
0.040324
0.142656
0.214991
0.285222
0.219651
0.106815
0.231193
0.181700
0.129789
0.199013
0.073161
0.013050
0.031995
0.720318
0.446442
0.350932
0.059998
0.365087
0.311710
0.155833
0.072190
0.022596
1.222746
1.340865
0.380642
0.118029
0.261601
0.482692
0.156172
0.026736
0.748196
0.154323
0.293611
0.194843
0.013393
0.123967
0.002409
0.061822
0.651606
0.235181
0.166800
0.023767
0.231189
0.185999
0.202926
0.233165
0.525929
0.118611
0.188836
0.150903
0.177844
0.227477
0.041642
0.011430
0.024735
0.008730
0.161978
0.072800
0.307095
0.035323
0.032547
0.401397
0.018790
0.087046
0.234269
0.165433
0.062073
0.028935
0.172428
0.057036
0.387714
0.061537
0.540903
0.004400
0.188793
0.066352
0.128724
0.114724
0.331203
0.040978
0.292032
0.006928
0.202527
0.347083
0.112217
0.378197
0.087634
0.087694
0.483460
0.929145
0.311356
0.052132
0.570715
0.090995
0.404482
0.077686
0.049088
0.059602
0.234839
0.778051
0.147191
0.022678
0.230858
0.457650
0.304212
0.000368
0.074847
0.299693
0.241693
1.108376
0.456920
0.320118
0.233946
0.095784
0.007126
0.292346
0.122152
0.400497
0.028262
0.389200
0.207372
0.434534
0.241649
0.114595
0.145143
0.020707
0.055543
0.171106
0.039150
0.088785
0.206104
0.180649
0.448534
0.113551
0.161328
0.109582
0.281196
0.196530
0.581360
0.030509
0.027211
0.069198
0.191555
0.203514
0.045021
0.063330
0.180984
0.061408
0.354261
0.022543
0.305221
0.033218
0.250494
0.304746
0.574422
0.464712
0.004958
0.216374
0.482522
0.294178
0.121093
0.277478
0.066840
0.324995
0.104290
0.707437
0.005657
0.174796
0.027840
0.290605
0.704688
0.135440
0.368184
0.053057
0.005709
0.325148
0.105711
0.017557
0.223410
0.462752
0.017501
0.188728
0.085423
0.008674
0.015208
0.009281
0.073260
0.073600
0.154201
0.193906
0.380006
0.387909
0.037539
0.197584
0.418560
0.057512
0.184768
0.889210
0.201237
0.241808
0.074441
0.979030
0.356106
0.077946
0.071849
0.000962
0.131229
0.413363
0.307343
0.031929
0.055329
0.035165
0.060123
0.045274
0.036063
0.161120
0.491258
0.385664
0.194218
0.076016
0.477948
0.047404
0.007890
0.048671
0.312191
0.241250
0.074445
0.049645
0.202812
0.143291
0.316069
0.118062
0.017422
0.014612
0.052508
0.148291
0.250874
0.162443
0.001964
0.611348
0.122557
0.155455
0.042690
0.055781
0.048205
0.186511
0.478672
0.061337
0.085988
0.067792
0.005903
0.002112
0.303713
0.759027
0.008663
0.016006
0.120352
0.072547
0.056641
0.407690
0.042903
0.043302
0.472963
0.195198
0.231699
0.220742
0.005225
0.762810
0.005837
0.051601
0.128954
0.363559
0.596964
0.001776
0.029790
0.003221
0.029497
0.490111
0.017702
0.154942
0.043343
0.001589
0.065621
0.059935
0.156523
0.413927
0.151043
0.152404
0.065408
0.039677
0.130512
0.100167
0.463982
0.046707
0.005194
0.010611
0.076298
0.049401
0.101134
0.424493
0.260515
0.179981
0.356688
0.422513
0.013428
0.233682
0.028107
0.105785
0.098732
0.063380
0.009079
0.043209
0.245084
0.630824
0.480635
0.004629
0.168594
0.042321
0.147157
0.152533
0.035439
0.018408
0.130948
0.010810
0.367842
0.439060
0.002994
0.322754
0.364890
0.008111
0.176938
0.128826
0.038527
0.341628
0.167082
0.334627
0.547034
0.700509
0.217309
0.412505
0.013110
0.082467
0.128810
0.143575
0.091637
0.339640
0.174610
0.374973
0.117064
0.568675
0.087968
0.998295
0.167091
0.094715
0.193848
0.022467
0.232233
0.183178
0.327147
0.015743
0.108768
0.176493
0.012552
0.287617
0.461343
0.196536
0.288921
0.578008
0.121269
0.143448
0.438192
0.225875
0.064784
0.178033
0.291683
0.371812
0.027805
0.036571
0.232606
0.251742
0.261528
0.134381
0.096815
0.645892
0.058805
0.067589
0.005023
0.017649
0.196308
0.217361
0.049413
0.269482
0.037371
0.093034
0.202530
0.300415
0.120599
0.330426
0.127751
0.218076
0.358562
0.165424
0.165348
0.540379
0.006924
0.003784
0.007415
0.074484
0.154271
0.192405
0.228755
0.003437
0.414111
0.054239
0.684839
0.084878
0.372584
0.249422
0.004636
0.143514
0.100078
1.003675
0.052787
0.100510
0.038288
0.000940
0.154610
0.193559
0.035481
0.363448
0.050235
0.554059
0.223805
0.709893
0.115209
0.364514
0.185888
0.251032
0.105706
0.143235
0.063455
0.082196
0.519520
0.016307
0.356954
0.277239
0.035348
0.112623
0.360722
0.142188
0.141776
0.140147
0.037729
0.935885
0.275938
0.067255
0.085333
0.245949
0.408225
0.160369
0.067474
0.088893
0.157362
0.434903
0.243429
0.051119
0.004053
0.214263
0.061115
0.418520
0.034978
1.119781
0.322652
0.058168
0.003167
0.343777
0.023423
0.032990
0.097019
0.037888
0.019923
0.159349
0.212714
0.307720
0.011928
0.010531
0.127863
0.270727
0.046605
0.181018
0.023426
0.457841
0.413568
0.550885
0.098556
0.017246
0.340239
0.116459
0.086001
0.111509
0.247012
0.260440
0.114480
0.061995
0.032705
0.010858
0.655181
0.683944
0.013929
0.179793
0.723467
0.171555
0.705799
0.031403
0.254122
0.368125
0.024341
0.045716
0.586235
0.053092
0.191696
0.485541
0.248484
0.296608
0.071063
0.378821
0.029770
0.102150
0.134339
0.243424
0.006936
0.015635
0.091812
0.033838
0.480850
0.117277
0.177951
0.111074
0.392175
0.519623
0.461193
0.016922
0.188782
0.300082
0.499082
0.162457
0.126945
0.038758
0.001639
0.004875
0.065305
0.254811
0.102919
0.156120
0.063309
0.724612
0.506024
0.061310
0.096999
0.022273
0.100602
0.055259
0.259383
0.074999
0.231600
0.005382
0.245360
0.202852
0.068614
0.294844
0.399293
0.472425
0.237151
0.115649
0.175805
0.287127
0.075889
0.429747
0.308986
0.237055
0.284594
0.010510
0.335327
0.118345
0.231973
0.210371
0.110168
0.266175
0.389985
1.038439
0.003532
0.492816
0.298389
0.181094
0.287307
0.085615
0.103672
0.008291
0.527342
0.329338
0.145311
0.189663
0.347335
0.036350
0.168920
0.256799
0.174825
0.752102
0.059228
0.227480
0.302003
0.099120
0.563535
0.106214
0.031673
0.037360
0.099885
0.867853
0.492824
0.459727
0.217638
0.139966
0.205635
0.185862
0.619014
0.099821
0.099459
0.261293
0.325703
0.268897
0.034772
0.200793
0.062623
0.064088
0.058995
0.001772
0.025474
0.222830
0.317847
0.022604
0.586356
0.125407
0.305073
0.008482
0.016662
0.336989
0.020299
0.007633
0.214333
0.008962
0.107209
0.337633
0.024218
0.369825
0.481859
0.738262
0.190458
0.344454
0.034688
0.170721
0.416516
0.401281
0.037651
0.352888
0.101516
0.143684
0.319157
0.220677
0.078898
0.387540
0.534067
0.330624
0.010216
0.003058
0.171362
0.020945
0.018231
0.409915
0.009749
0.066026
0.072767
0.539250
0.586473
0.307033
0.122732
0.024939
0.663780
0.050584
0.204977
0.301450
0.142550
0.433442
0.559096
0.091153
0.247160
0.019832
0.112746
0.223054
0.064257
0.093435
0.284980
0.047407
0.511065
0.030367
0.050456
0.190588
0.052291
0.366464
0.088892
0.027220
0.221149
0.111527
0.195583
0.023742
0.010895
0.070006
0.144785
0.044396
0.046692
0.361771
0.055426
0.085241
0.410048
1.233204
0.295893
0.030288
0.289373
0.018957
0.321406
0.064596
0.049499
0.111072
0.030678
0.219844
0.346467
0.219540
0.319331
0.035173
0.063640
0.363290
0.079061
0.274826
0.167349
0.032347
0.050034
0.513513
0.464415
0.181249
0.003215
0.003384
0.555282
0.320548
0.239379
0.060104
0.478686
0.015174
0.232970
0.233074
0.092507
0.335021
0.042035
0.655208
0.540302
0.082817
0.080030
0.316843
0.084032
0.177606
0.234957
0.580965
0.280473
0.064554
0.087162
0.015600
0.326258
0.372472
0.050472
0.127737
0.084970
0.066485
0.005940
0.180633
0.601100
0.037519
0.280642
0.296578
0.153344
0.376846
0.110088
0.194141
0.014089
0.033145
0.176877
0.369313
0.128547
0.542390
0.136146
0.105574
0.306144
0.506767
0.462505
0.215475
0.048401
0.073865
0.163068
0.007371
0.070992
0.310201
0.057830
0.208935
0.072445
0.028628
0.081130
0.077478
0.065116
0.074385
0.501682
0.171017
0.137519
0.061354
0.068437
0.321207
0.081299
0.032278
0.097964
0.223775
0.565152
0.357919
0.136593
0.036903
0.434434
0.008074
0.174856
0.711765
0.076244
0.148007
0.072906
0.107408
0.023040
0.192256
0.241740
0.027674
0.002093
0.055265
0.087491
0.114027
0.249214
0.146927
0.006644
0.003842
0.117245
0.036898
0.330265
0.274064
0.326086
0.191868
0.047006
0.314147
0.068300
0.036054
0.007934
0.098984
0.620138
0.230513
0.215753
0.095606
0.114594
0.480736
1.367651
0.081179
0.177285
0.133467
0.045422
0.143226
0.018627
0.318086
0.103715
0.212442
0.303079
0.053693
0.590080
0.867713
0.132843
0.014993
0.204057
0.226959
0.049223
0.300977
0.066233
0.060240
0.017832
0.192979
0.282117
0.237032
0.072905
0.070565
0.011086
0.038606
0.058719
0.046841
0.008612
0.101915
0.001997
0.139944
0.000547
0.096145
0.020364
0.035335
0.238683
0.015079
0.303215
0.228155
0.204785
0.151335
0.256152
0.049773
0.104223
0.003606
0.000848
0.107467
0.191882
0.673262
0.365153
0.010972
0.498703
0.100770
0.107024
0.034675
0.019209
0.120272
0.157232
0.382347
0.218488
0.042591
0.181184
0.343836
0.056846
0.069192
0.059622
0.716152
0.031829
0.200180
0.089781
0.258076
0.138741
0.049414
0.392772
0.154048
0.004441
0.049331
0.036959
0.077742
0.035539
0.207263
0.187550
0.098167
0.059551
0.201691
0.094166
0.292184
0.398949
0.254301
0.559784
0.071723
0.380943
0.104074
0.390274
0.192162
0.067539
0.065776
0.389003
0.132062
0.033131
0.173545
0.030513
0.012627
0.060279
0.298356
0.046684
0.398247
0.008219
0.082227
0.000857
0.232928
0.190979
0.306870
0.338133
0.476716
0.110204
0.091340
0.187586
0.133089
0.043029
0.113322
0.099378
0.439470
0.016872
0.259528
0.244832
0.490605
0.168067
0.244369
0.026273
0.413716
0.010667
0.187316
0.023911
0.052063
0.232681
0.096791
0.231756
0.049719
0.020151
0.085196
0.140940
0.331921
0.402555
0.095094
0.571799
0.165678
0.040725
0.140093
0.227805
0.287930
0.025453
0.718929
0.162836
0.000983
0.067224
0.356988
0.011191
0.074737
0.226905
0.027263
0.253125
0.178040
0.062513
0.332525
0.015150
0.042970
0.289124
0.184276
0.048821
0.099707
0.377169
0.038019
0.013323
0.138033
0.045609
0.229483
0.056082
0.041968
0.190275
0.641824
0.158957
0.677607
0.955679
0.278522
0.170700
0.093097
0.016430
0.150273
0.039517
0.167378
0.113672
0.162753
0.171465
0.164208
0.524928
0.161445
0.025007
0.431529
0.270629
0.091686
0.117311
0.165217
0.099436
0.221524
1.254131
0.010750
0.499051
0.921914
0.397526
0.124488
0.217683
0.125719
0.093430
0.033976
0.044874
0.129725
0.066304
0.046652
0.187826
0.066444
0.357128
0.018439
0.051489
0.110474
0.048210
0.362790
0.135532
0.012733
0.045633
0.239886
0.073919
0.071163
0.047336
0.002513
0.284006
0.078782
0.055941
0.022244
0.140797
0.268472
0.587784
0.539550
0.003479
0.137024
0.132830
0.159361
0.111205
0.525027
0.180246
0.114516
0.658056
0.145915
0.001631
0.197257
0.670986
0.211770
0.044562
0.364360
0.007282
0.375551
0.028976
0.368005
0.039319
0.031650
0.057971
0.140226
0.235699
0.143664
0.014721
0.587830
0.364735
0.091338
0.007674
0.105307
0.659797
0.615346
0.036986
0.043904
0.752999
0.082673
0.238174
0.528863
0.349525
0.326267
0.189691
0.329798
0.053636
0.468936
0.047917
0.026310
0.293644
0.951417
0.284599
0.195184
0.018638
0.150291
0.039333
0.155633
0.105445
0.030229
0.157058
0.313527
0.250905
0.030208
0.550828
0.537591
0.088852
0.761434
0.042268
0.102255
0.367720
0.017970
0.100283
0.001971
0.047543
0.088029
0.359179
0.196330
0.019936
0.318441
0.284582
0.073257
0.038060
0.265503
0.554744
0.049500
0.080087
0.080818
0.682049
0.010461
0.003753
0.040167
0.124131
0.675525
0.007485
0.319535
0.149066
0.441853
0.664288
0.253110
0.057511
0.482482
0.002387
0.883661
0.106650
0.062934
0.429135
0.138017
0.097470
0.072840
0.108675
0.057056
0.145939
0.114532
0.061300
0.001169
0.032867
0.303860
0.246615
0.514671
0.032303
0.522113
0.436542
0.086182
0.618012
0.824762
0.373672
0.162800
0.409690
0.033529
0.028485
0.029897
0.237325
0.644492
0.043212
0.029434
0.433254
0.421023
0.027210
0.006800
0.065212
0.063770
0.001489
0.031414
0.360543
0.013177
0.121832
0.252113
0.250409
0.074043
0.028699
0.111055
0.089260
0.118813
0.069168
0.128943
0.732883
0.001602
0.052256
0.378201
0.138420
0.306420
0.016492
0.919068
0.000502
0.308558
0.056327
0.248755
0.326658
0.265223
0.619392
0.050331
0.382287
0.192297
0.040505
0.049229
0.018990
0.465610
0.080208
0.085210
0.026021
0.325001
0.162487
0.045802
0.317172
0.153750
0.314693
0.244736
0.112898
0.088126
0.446648
0.039957
0.021435
0.391383
0.232577
0.520140
0.188657
1.444135
0.112914
0.013102
0.219299
0.057989
0.099533
0.091890
0.079015
0.145393
0.182577
0.014664
0.447431
0.085431
0.267316
0.085109
0.025425
0.079882
0.051049
0.072519
0.220623
0.226968
0.042517
0.244363
0.191441
0.035421
0.173529
0.011727
0.216123
0.061777
0.178018
0.555225
0.245062
0.163381
0.168736
0.056954
0.126419
0.011224
0.135790
0.689588
0.139853
0.272631
0.466028
0.166909
0.027815
0.923441
0.142223
0.111719
0.012941
0.256915
0.375328
0.151894
0.040941
0.245022
0.042029
0.085259
0.054579
0.149691
0.209773
0.163440
0.036116
0.053505
0.049602
0.142845
0.663108
0.213211
0.392392
0.018918
0.005004
0.157317
0.052168
0.080867
0.262592
0.019692
0.421469
0.106418
0.180190
0.008675
0.012831
0.223732
0.007711
0.202496
0.074616
0.071398
0.622557
0.397721
0.073290
0.097209
0.069811
0.025544
0.613259
0.210456
0.250689
0.110324
0.046782
0.199282
0.056374
0.489421
0.579951
0.688205
0.048374
0.070216
0.396643
0.125131
0.163422
0.250271
0.047251
0.124290
0.017444
0.006266
0.690708
0.256080
0.194507
0.045845
0.069987
0.504201
1.019664
0.205747
0.513944
0.100409
0.371306
0.260365
0.050035
0.509435
0.002839
0.062495
0.136040
0.556357
0.086789
0.023181
0.256393
0.221741
0.025545
0.233667
0.098224
0.109325
0.564896
0.357149
0.756462
0.242206
0.097722
0.093538
0.030564
0.014078
0.143385
0.034811
0.174529
0.047684
0.139731
0.456676
0.125222
0.516968
0.071609
0.028949
0.245732
0.113728
0.220916
0.172885
0.114444
0.090289
0.049145
0.949634
0.045460
0.123657
0.445846
0.338884
0.810988
0.195328
0.066967
0.405050
0.013618
0.570659
0.118742
0.229132
0.448982
0.146330
0.343404
0.364846
0.142278
0.484225
0.057072
0.034161
0.246264
0.347653
0.106128
0.006136
0.112176
0.051071
0.014925
0.036122
0.184368
0.095443
0.318637
0.049664
0.185175
0.062489
0.066764
0.032459
0.270986
0.066168
0.222079
0.233269
0.161561
0.217030
0.229075
0.020487
0.296175
0.146115
0.336969
0.023513
0.011848
0.208010
0.073417
0.839640
0.073127
0.119997
0.084363
0.163668
0.047808
0.645589
0.063998
0.503883
0.838054
0.082566
0.339461
0.453495
0.007255
0.706763
0.096805
0.082786
0.325311
0.036646
0.005540
0.689570
0.003558
0.203151
0.168282
0.109068
0.349938
0.338868
0.004921
0.192521
0.391112
0.098567
0.026592
0.170767
0.003324
0.096806
0.138345
0.048359
0.176113
0.351696
0.127749
0.156306
0.041971
0.001683
0.127691
0.057683
0.199552
0.021203
0.120489
0.145273
0.306245
0.010688
0.440045
0.033423
0.500852
0.334039
0.441985
0.519346
0.017280
0.089808
0.179520
0.080461
0.215917
0.408518
0.045510
0.076447
0.409909
0.080215
0.017024
0.274809
0.069408
0.175106
0.013617
0.166499
0.336338
0.117598
0.090536
0.293635
0.148943
0.128858
0.038315
0.227168
0.353197
0.000067
0.073773
0.210890
0.032507
0.391024
0.028862
0.055915
0.122294
0.029707
0.472000
0.141226
0.098720
0.188666
0.275187
0.157157
0.207858
0.228818
0.114595
0.065736
0.026794
0.217365
0.094969
0.613185
0.064137
0.305222
0.116017
0.033715
0.098963
0.197594
0.223781
0.085393
0.051215
0.033950
0.179666
0.227794
0.462644
0.134561
0.080332
0.320615
0.201641
0.258323
0.013327
0.346693
0.099975
0.222141
0.015188
0.000044
0.006102
0.015602
0.018274
0.395038
0.158985
0.012690
1.347665
0.112683
0.229107
0.217137
0.087830
0.349386
0.682111
0.105449
0.087494
0.109894
0.356416
0.139500
0.021421
0.002064
0.216403
0.032083
0.291126
0.183120
0.047424
0.014121
0.221545
0.034926
0.790556
0.144200
0.079219
0.326087
0.192297
0.214970
0.311117
0.120425
0.008973
0.034725
0.948163
0.195611
0.004819
0.032021
0.022561
0.059281
0.212376
0.524196
0.169610
0.138256
0.510488
0.028061
0.457948
0.205904
0.053828
0.291957
0.038455
0.179270
0.123280
0.022729
0.553518
0.043529
0.091015
0.202565
0.062975
0.019906
0.071435
0.094571
0.328916
0.157509
0.510856
0.030010
0.350881
0.851033
0.816934
0.071154
0.021170
0.288821
0.115980
0.204332
0.020580
0.665256
0.100623
0.673616
0.001544
0.069591
0.126729
0.092104
0.046972
0.785323
0.158872
0.552142
0.146368
0.308542
0.205355
0.029652
0.239640
0.275367
0.252356
0.135194
0.009973
0.354530
0.692074
0.013813
0.008710
0.113105
0.267093
0.119338
0.341050
0.424304
0.181044
0.191579
0.206552
0.092757
0.045527
0.482330
0.060097
0.350372
0.146001
0.268945
0.309723
0.429322
0.364451
0.079380
0.359559
0.406755
0.205408
0.044249
0.841083
0.320799
0.096967
0.072197
0.337059
0.215555
0.093814
0.474713
0.920497
0.226982
0.356200
0.181572
0.072754
0.320455
0.240955
0.425691
0.085521
0.558351
0.237380
0.277632
0.369646
0.121442
0.365431
0.443269
0.707497
0.182961
0.012743
0.055257
0.043949
0.030293
0.095164
0.177181
0.914458
0.017171
0.630628
0.158365
0.322931
0.351973
0.087274
0.242654
0.272495
0.079807
0.517090
0.427320
0.002211
0.385595
0.097828
0.631237
0.012047
0.370085
0.143325
0.064719
0.135319
0.359456
0.111834
0.121651
0.430780
0.367248
0.049739
0.143282
0.102483
0.042604
0.044981
0.023710
0.036604
0.109523
0.058313
0.258348
0.019478
0.054816
0.652386
0.169062
0.040646
0.344306
0.003412
0.072854
0.029825
0.106037
0.125894
0.495728
0.136864
0.458948
0.634113
0.009145
0.022411
0.332650
0.069660
0.124487
0.212729
0.111465
0.403126
0.005404
0.060896
0.012772
0.060051
0.853721
0.005824
0.156989
0.049255
0.270376
0.035802
0.272354
0.146621
0.658383
0.016528
0.148263
0.482425
0.147198
0.110950
0.514218
0.353031
0.304360
0.104254
0.079419
0.066257
0.727762
0.016168
0.029030
0.200205
0.429840
0.772398
0.187723
0.393659
0.090432
0.144886
0.292905
0.038426
0.242349
0.110551
0.009307
0.088032
0.270127
0.321487
0.230837
0.256986
0.092409
0.074238
0.101698
0.115352
0.078955
0.433416
0.241164
0.032860
0.028494
0.129936
0.202669
0.236788
0.111435
0.172367
0.185897
0.069675
0.327357
0.084519
0.028174
0.031324
0.208991
0.128607
0.372826
0.418927
0.052974
0.302880
0.229539
0.165389
1.085222
0.037256
0.108944
0.105492
0.062883
0.191881
0.387090
0.130711
0.016895
0.060952
0.254200
0.123008
0.009341
0.058362
0.151095
0.077725
0.046128
0.096017
0.023501
0.435816
0.077532
0.126605
0.147195
0.119242
0.509448
0.033544
0.136239
0.033892
0.012550
0.243825
0.081421
0.269601
0.133917
0.007529
0.016779
0.005410
0.171378
0.103751
0.068961
0.071403
0.113072
0.400447
0.444373
0.347377
0.273987
0.025661
0.092973
0.344792
0.045443
0.258410
0.023022
0.337371
0.059763
0.059683
0.668463
0.023398
0.460058
0.069884
0.065602
0.031198
0.011872
0.095235
0.117546
0.075097
0.001389
0.443431
0.369644
0.198401
0.029328
0.032497
0.132800
0.037708
0.066113
0.049501
0.293470
0.220693
0.046503
0.591560
0.185199
0.315172
0.222433
0.124519
0.126873
0.111447
0.014140
0.570500
0.084475
0.011429
0.021956
0.096755
0.250948
0.138580
0.080359
0.473035
0.014187
0.062480
0.430594
0.126441
0.125278
0.016699
0.181735
0.260544
0.364585
0.024085
0.169420
0.338478
0.445361
0.019560
0.031223
0.472641
0.096348
0.110232
0.264222
0.049243
0.031709
0.164106
0.192178
0.547032
0.021389
0.207353
0.026559
0.174934
0.206272
0.107830
0.100352
0.106836
0.345861
0.378930
0.119971
0.272620
0.114486
0.116186
0.194868
0.187423
0.122213
0.130059
0.395735
0.080706
0.197207
0.030425
0.760677
0.008900
0.303205
0.036420
0.215159
0.000905
0.079177
0.008414
0.109591
0.193028
0.003491
0.159462
0.102746
0.411934
0.100571
0.005576
0.054927
0.415759
0.133137
0.099030
0.075344
0.068063
0.029985
0.166989
0.030157
0.030471
0.031512
0.054086
0.449146
0.044222
0.006229
0.598368
0.134544
0.701204
0.309875
0.126859
0.111756
0.000099
0.108960
0.054512
0.095288
0.390729
0.192979
0.570614
0.292808
0.383730
0.023026
0.144000
0.345793
0.300080
0.342024
0.111887
0.027673
0.147246
0.167726
0.287406
0.091584
0.455480
0.418648
0.275986
0.273020
0.915249
0.019111
0.086112
0.116643
0.109592
0.225565
0.115663
0.094522
0.005718
0.009818
0.133877
0.077905
0.052537
0.003951
0.016040
0.039586
0.128922
0.052560
0.123118
0.270315
0.015718
0.197961
0.282618
0.469965
1.025525
0.041377
0.008897
0.209214
0.156951
0.472330
0.180923
0.345458
0.002225
0.127029
0.044242
0.040059
0.014960
0.582484
0.099389
0.318933
0.297438
0.330081
0.072020
0.292036
0.121238
0.545395
0.228260
0.456206
0.613189
0.088439
0.088256
0.000574
0.357580
0.192254
0.035928
0.194795
0.572523
0.519839
0.941898
0.082169
0.057692
0.000640
0.030962
0.059484
0.197139
0.001260
0.529785
0.208933
0.389717
0.066965
0.148248
0.490601
0.023255
0.016239
0.032418
0.045379
0.039248
0.006345
0.034125
0.115957
0.077312
0.118357
0.139422
0.245748
0.172852
0.707031
0.579366
0.458059
0.147588
0.055744
0.120370
0.135307
0.144294
0.561642
0.221984
0.549923
0.032714
0.204291
0.061607
0.003682
0.000855
0.092646
0.040688
0.079278
0.008651
0.005981
0.056922
0.258327
0.131644
0.256005
0.494808
0.138360
0.176960
0.044519
0.086561
0.276053
0.308374
0.031200
0.043103
0.123865
0.118899
0.190544
0.402425
0.056676
0.019986
0.018456
0.074862
0.092338
0.026032
0.356458
0.089371
0.057367
0.066698
0.430102
0.198360
0.331528
0.026603
0.036640
0.104362
0.124694
0.029369
0.043864
0.016538
0.015098
0.033434
0.055917
0.071752
0.184149
1.351208
0.170409
0.130389
0.097662
0.022998
0.215711
0.121133
0.215278
0.100403
0.047734
0.081141
0.032573
0.062516
0.608929
0.043600
0.182241
0.520296
0.102977
0.077704
0.022732
0.028449
0.526756
0.127121
0.078477
0.008823
0.247148
0.028806
0.138208
0.280931
0.324423
0.391454
0.059532
0.033932
0.025306
0.076484
0.083604
0.043742
0.025917
0.107435
0.109106
0.028552
0.343304
0.018607
0.098406
0.097524
0.100142
0.192674
0.145239
0.184362
0.263488
0.019576
0.673080
0.148171
0.280764
0.044516
0.128099
0.295343
0.076437
0.163016
0.411846
0.150338
0.148483
0.240204
0.509175
0.060360
0.732718
0.269798
0.099917
0.037387
0.060106
0.104431
0.245047
0.103506
0.011033
0.017030
0.560479
0.016571
0.466239
0.490325
0.188754
0.215452
0.384277
0.361476
0.249645
0.280444
0.511461
0.055302
0.105486
0.279240
0.230126
0.102527
1.182935
0.009503
0.041641
0.031939
0.082805
0.557625
0.951794
0.294760
0.109167
0.529821
0.080832
0.154025
0.252668
0.085927
0.245756
0.495863
0.086299
0.297748
0.014796
0.476127
0.126225
0.088280
0.635360
0.019391
0.144904
0.618920
0.094786
0.060996
0.122427
0.218602
0.061215
0.575979
0.494299
0.306813
0.149997
0.110238
0.053946
0.086521
0.125374
0.080515
0.146615
0.002328
0.328486
0.284663
0.309071
0.020846
0.063668
0.050714
0.166435
0.657378
0.088575
0.360057
0.007946
0.222288
0.098442
0.087183
0.216784
0.372321
0.542151
0.105117
0.142304
0.122601
0.010949
0.162785
0.271407
0.504198
0.047772
0.162932
0.317478
0.044636
0.065405
0.107959
0.228036
0.376530
0.069164
0.185723
0.651977
0.605545
0.349128
0.106529
0.240976
0.131402
0.144585
0.088974
0.976752
0.277452
0.156909
0.006350
0.078082
0.393486
0.019027
0.431568
0.116423
0.017893
0.127330
0.315545
0.010252
0.136317
0.233892
0.114567
0.069745
0.186950
0.157142
0.025332
0.446220
0.384982
0.152716
0.504477
0.192179
0.006813
0.568578
0.219695
0.032859
0.004411
0.278770
0.095887
0.028427
0.221859
0.161976
0.349239
0.184352
0.119724
0.079462
0.959873
0.605115
0.013240
0.952029
0.285747
0.058115
0.305783
0.209801
0.197984
0.410525
0.071926
0.339376
0.167381
0.094951
0.716559
0.015732
0.177191
0.370024
0.012925
0.392889
0.149693
0.161133
0.074515
0.292039
0.031034
0.132793
0.091651
0.158664
0.046226
0.156180
0.002846
0.196385
0.177909
0.031101
0.076010
0.116501
0.360147
0.956577
0.179209
0.306936
0.092503
0.468095
0.586438
0.997994
0.192407
0.017519
0.048599
0.050427
0.188125
0.085376
0.113583
0.289854
0.020208
0.005937
0.053169
0.207774
0.054901
0.526343
0.150575
0.159263
0.142710
0.012699
0.202784
0.176588
0.247227
0.081236
0.439053
0.110237
0.293295
0.000297
0.174081
0.531349
0.039353
0.000398
0.003383
0.091104
0.346738
0.049270
0.215107
0.322742
0.055805
0.444820
0.176709
0.107346
0.095444
0.037526
0.359619
0.339927
0.046587
0.011822
0.031882
0.099858
0.089361
0.552244
0.288830
0.036935
0.446383
0.648161
0.640598
0.138546
0.207190
0.475337
0.040363
1.201083
0.067922
0.086081
0.055507
0.243892
0.262970
0.051958
0.049117
1.049395
0.328303
0.062621
0.334708
0.243000
0.112511
0.565517
0.267025
0.065688
0.484909
0.089174
0.305533
0.134727
0.105832
0.045109
0.144121
0.150859
0.075832
0.052934
0.155198
0.110118
0.157049
0.286640
0.532609
0.143728
0.183729
0.019879
0.045288
0.099093
0.157571
0.047399
0.149117
0.273701
0.251744
0.383921
0.184918
0.279152
0.204380
0.022229
0.202115
0.226614
0.069615
0.317534
0.091623
0.386978
0.419740
0.109530
0.317443
0.056583
0.042222
0.386251
0.017868
0.229274
0.269979
0.135606
0.059132
0.006832
0.100160
0.102676
0.124826
0.045712
0.067210
0.052886
0.030864
0.082124
0.414518
0.412534
0.155447
0.225969
0.188691
0.174457
0.120083
0.224079
0.093708
0.075147
0.051576
0.100290
0.272918
0.007783
0.301056
0.321116
0.228675
0.215454
0.029320
0.086646
0.031066
0.138893
0.118479
0.101865
0.823661
0.107810
0.402032
0.076688
0.046348
0.097655
0.102142
0.142779
0.018901
0.202930
0.682316
0.023887
0.334494
0.095623
0.023705
0.295047
0.692125
0.258720
0.322619
0.372088
0.343034
0.125772
0.131919
0.017077
0.280599
0.473490
0.616126
0.590577
0.123073
0.281508
0.096813
0.378921
0.041845
0.012659
0.043804
0.065792
0.039362
0.137600
0.271696
0.150019
0.493228
0.033741
0.002040
0.073517
0.236841
0.040783
0.004849
0.068333
0.455020
0.067142
0.037444
0.070867
0.142109
0.316681
0.220094
0.401644
0.119040
0.047513
0.043228
0.010702
0.186218
0.079421
0.088148
0.096615
0.009028
0.100629
0.034214
0.033453
0.451984
0.039882
0.236362
0.123620
0.084581
0.705589
0.144902
0.509135
0.049100
0.156925
0.055268
0.322400
0.013063
0.054862
0.584797
0.153161
0.124632
0.081430
0.753366
0.721583
0.135387
0.133849
0.028471
0.110702
0.041422
0.164490
0.094879
0.413905
0.223196
0.325043
0.239387
0.055786
0.132385
0.083127
0.117812
0.016403
0.392912
0.676138
0.571440
0.034216
0.010879
0.127921
0.384813
0.188174
0.206266
0.008697
0.007078
0.546500
0.129760
0.122742
0.125854
0.112185
0.104105
0.021904
0.067064
0.052309
0.022295
0.112250
0.218344
0.473053
0.280791
0.318425
0.073229
0.199409
0.029892
0.075069
0.074616
0.176862
0.851794
0.007252
0.043797
0.124932
0.257141
0.367115
0.050383
0.000675
0.544991
0.023507
0.111193
0.058156
0.030168
0.240779
0.140531
0.093894
0.084133
0.473901
0.400773
0.010772
0.367004
0.035691
0.052133
0.130861
0.194499
0.157897
0.023190
0.783741
0.286184
0.189791
0.722891
1.217380
0.177922
0.114269
0.204018
0.270368
0.006305
0.240289
0.130507
0.183115
0.028418
0.009111
0.154450
0.071782
0.329124
0.697429
0.169773
0.509125
0.059453
0.085757
0.081026
0.090967
0.006900
0.111452
0.137267
0.723493
0.092848
0.058358
0.658055
0.282118
0.013670
0.060116
0.069253
0.296922
0.069509
0.513423
0.245262
0.403095
0.375448
0.223607
0.151183
0.480695
0.044404
0.169592
0.147999
0.067365
0.162067
0.051194
0.213367
0.031405
0.253883
0.199464
0.645756
0.200607
0.247130
0.186176
0.300989
0.219892
0.669879
0.432126
0.289151
0.010398
0.015911
0.306683
0.461053
0.041573
0.365142
0.000986
0.110987
0.056445
0.470771
0.023886
0.093775
0.371063
0.183689
0.385684
0.148198
0.019740
0.076650
0.199986
0.126104
1.085897
0.164964
0.113486
0.183915
0.094319
0.084383
0.069406
0.101625
0.643683
0.092160
0.369261
0.104736
0.111843
0.511239
0.234754
0.080276
0.030404
0.489959
0.075242
0.295540
0.432677
0.093245
0.090054
0.016697
0.278762
0.028261
0.207232
0.007383
0.030514
0.264015
0.061443
0.008281
0.027312
0.054869
0.822053
0.047348
0.034264
0.044406
0.093191
0.074551
0.180080
0.123288
0.170716
0.264568
0.197210
0.006429
0.030370
0.215612
0.143883
0.047791
0.457200
0.184639
0.148642
0.144151
0.492362
0.247373
0.263660
0.235799
0.163728
0.125310
0.173307
0.469763
0.166480
0.022482
0.071346
0.302713
0.054248
0.046030
0.039476
0.279210
0.279942
0.441056
0.200485
0.350558
0.052562
0.205522
0.133820
0.234286
0.473096
0.033288
0.676515
0.197940
0.024801
0.117732
0.222578
0.628349
0.327492
0.202938
0.294820
0.057332
0.456666
0.038094
0.187773
0.014131
0.391092
0.018097
0.356388
0.238729
0.146827
0.071904
0.224117
0.157328
0.203387
0.075786
0.031877
0.138634
0.240808
0.037907
0.298471
0.191452
0.000135
0.014326
0.155200
0.508945
0.009843
0.402040
0.208760
0.152638
0.123090
0.167330
0.758842
0.003563
0.087979
0.016755
0.013308
0.038986
0.170448
0.172094
0.043047
0.221568
0.576395
0.133318
0.085509
0.390123
0.483065
0.134962
0.021737
0.398867
0.155441
0.038916
0.490288
0.020475
0.071324
0.462245
0.193944
0.169468
0.154195
0.171540
0.173958
0.115877
0.282865
0.115681
0.307852
0.152149
0.178039
0.072462
0.062823
0.363978
0.351713
0.886092
0.006898
0.406747
0.252214
0.134521
0.574894
0.343326
0.262070
0.252615
0.219581
0.621975
0.172480
0.114455
0.055935
0.155534
0.015144
0.224290
0.058550
0.229120
0.292149
0.082769
0.498228
0.096067
0.028186
0.711281
0.078328
0.104451
0.016949
0.174584
0.738989
0.114002
0.100195
0.169179
0.294750
0.191768
0.282923
0.028608
0.376165
1.117754
0.003615
0.205941
0.011025
0.116240
0.084916
0.341699
0.079081
0.324705
0.239792
0.648110
0.258749
0.194867
0.048224
0.044659
0.098611
0.297173
0.246535
0.065415
0.035243
0.221718
0.290981
0.187195
0.014583
0.192631
0.169173
0.157194
0.055863
0.138490
0.119542
0.157477
0.023940
0.705610
0.078525
0.250807
0.094757
0.050774
0.020147
0.119834
0.023744
0.289543
0.961511
0.058010
0.144408
0.072026
0.004013
0.185501
0.228717
0.097011
0.112867
0.139262
0.119113
0.129169
0.059282
0.268134
0.309070
0.172087
0.014069
0.026081
0.096981
0.025220
0.062234
0.382377
0.019310
0.084377
0.099527
0.224693
0.552890
0.274368
0.206867
0.205077
0.102211
0.060607
0.224986
0.097352
0.003138
0.225822
0.154217
0.015216
0.103542
0.022696
0.295365
0.484399
0.621780
0.123937
0.103586
0.104250
0.005209
0.065905
0.299429
0.133255
0.108407
0.300021
0.038742
0.041909
0.094409
0.066778
0.534372
0.612752
0.158722
0.106618
0.031603
0.814709
0.070506
0.210011
0.175973
0.006373
0.148238
0.069610
0.133721
0.553482
0.269628
0.301385
0.279147
0.096674
0.242501
0.135870
0.336998
0.304546
0.108934
0.069906
0.426034
0.085242
0.083798
0.056155
0.575023
0.362159
0.019810
0.033575
0.075948
0.179511
1.570901
0.128499
0.097232
0.157054
0.053453
0.149055
0.159737
0.497458
0.107975
0.097472
0.641000
0.001695
0.386151
0.169483
0.165262
0.076037
0.315771
0.429299
0.410928
0.198488
0.049301
0.114940
0.038873
0.167750
0.255735
0.070726
0.451700
0.127923
0.293129
0.149682
0.429136
0.394991
0.204266
0.054860
0.014624
0.388376
0.078730
0.213050
0.188345
0.049573
0.297403
0.035221
0.345524
0.011695
0.088202
0.402066
0.192560
0.072619
0.008468
0.118369
0.818197
0.274470
0.038128
0.164312
0.331051
0.228292
0.137984
0.256859
0.073305
0.034475
0.220353
0.151211
0.261049
0.343989
0.283572
0.112164
0.055479
0.762935
0.090291
0.551826
0.086890
0.249693
0.091309
0.225696
0.217335
0.231985
0.008786
0.168615
0.509975
0.146121
0.097251
0.020185
0.000447
0.000457
0.039459
0.023100
0.093408
0.143499
0.102396
0.115185
0.186652
0.144923
0.063600
0.130480
0.040220
0.214938
0.980954
0.209022
0.016176
0.552223
0.035173
0.050829
0.067689
0.383047
0.471803
0.010100
0.184510
0.001268
0.237851
0.002519
0.486754
0.116758
0.042557
0.094387
0.032336
0.082885
0.192506
0.022901
0.333876
0.191383
0.082885
0.109812
0.256097
0.036164
0.139024
0.126335
0.426451
0.017216
0.048421
0.183564
0.030213
0.057171
0.054762
0.391683
0.089591
0.147701
0.169645
0.044095
0.006545
0.020789
0.105889
0.393888
0.334416
0.140776
0.052202
0.011579
0.037021
0.314710
0.218625
0.112923
0.154798
0.062639
0.277899
0.457069
0.309768
0.154233
0.069967
0.054043
0.157704
0.080004
0.162505
0.269299
0.106628
0.157461
0.182678
0.479822
0.300674
0.152635
0.005815
0.129676
0.045795
0.020826
0.115948
0.199780
0.536679
0.136260
0.160419
0.282017
0.118666
0.227347
0.042770
0.281514
0.210910
0.201869
0.185653
0.418092
0.001510
0.334459
0.220357
0.097690
0.326853
0.140709
0.064026
0.166897
0.292074
0.163736
0.120381
0.095721
0.100442
0.011353
0.012470
0.087310
0.259785
0.123119
0.127039
0.007692
0.730331
0.042420
0.077539
0.488826
0.071192
0.553873
0.263600
0.057218
0.241982
0.034188
0.440796
0.177604
0.230525
0.412793
0.093854
0.022656
0.234129
0.110623
0.110331
0.339111
0.050585
0.038907
0.181034
0.193976
0.125868
0.021632
0.102536
0.402937
0.280186
0.042491
0.227898
0.170380
0.567132
0.088515
0.180852
0.155096
0.334209
0.178247
0.054196
0.097342
0.190109
0.062044
0.035376
0.645847
0.306530
0.047657
0.084576
0.039692
1.132970
0.068713
0.024508
0.361533
0.208541
0.002987
0.067966
0.031524
0.173310
0.187299
0.158847
0.026259
0.213864
0.045132
0.195733
0.317276
0.252594
0.185425
0.038790
0.214653
0.042267
0.622822
0.443478
0.023480
0.174620
0.487442
0.062791
0.000524
0.203036
0.251896
0.419263
0.072269
0.154963
0.103595
0.076268
0.028962
0.425816
0.186789
0.034794
0.123662
0.096797
0.019626
0.116794
0.025974
0.041404
0.571932
0.394025
0.335166
0.271541
0.070931
0.088355
0.240842
0.221975
0.369009
0.279844
0.155054
0.206269
0.346385
0.112817
0.060762
0.152807
0.478262
0.199011
0.054033
0.218554
0.322798
0.216991
0.310155
0.010704
0.283934
0.574599
0.394261
0.243579
0.012067
0.218020
0.011838
0.955563
0.007473
0.087455
0.382732
0.037035
0.039822
0.041533
0.334447
0.206935
0.008867
0.189473
0.189967
0.197494
0.416984
0.227475
0.136290
0.197378
0.155819
0.054840
0.713135
0.055002
0.022838
0.078621
0.038867
0.470806
0.144873
0.097700
0.087366
0.495746
0.083567
0.115179
0.128283
0.257377
0.035749
0.012588
0.242593
0.079728
0.168199
0.006315
0.033434
0.043762
0.351094
0.188218
0.126018
0.051326
0.012294
0.190839
0.035929
0.120763
0.174494
0.444501
0.000205
0.009506
0.193713
0.015311
0.244371
0.102925
0.444083
0.314684
0.233256
0.343676
0.082843
0.021607
0.098544
0.076177
0.182535
0.045124
0.756177
0.996940
0.239277
0.207618
0.179240
0.072984
0.069414
0.140593
0.035075
0.036963
0.484713
0.167180
0.214439
0.234461
0.168905
0.114457
0.315088
0.647411
0.020196
0.114641
0.159405
0.145304
0.124010
0.268773
0.219476
0.328440
0.170015
0.042661
0.806582
0.246323
0.395601
0.076202
0.590853
0.025183
0.025245
0.010545
0.162153
0.087850
0.451287
0.022341
0.450508
0.011989
0.079417
0.115101
0.344615
0.122574
0.027099
0.151634
0.024064
0.180027
0.536850
0.016969
0.111854
0.141959
0.017924
0.087992
0.585478
0.036874
0.171520
0.138342
0.209402
0.357229
0.141778
0.289111
0.524148
0.278469
0.125934
0.046866
0.306295
0.042746
0.012835
0.064881
0.002772
0.116598
0.119020
0.219965
0.046746
0.428911
0.072109
0.017759
0.345310
0.151285
0.215399
0.037385
0.036841
0.047963
0.109547
0.058289
0.297225
0.033297
0.162979
0.553586
0.079586
0.287805
0.531319
0.297787
0.277002
0.052513
0.199994
0.011712
0.051168
0.226047
0.111199
0.000897
0.006868
0.231488
0.183987
0.324116
0.115803
0.265255
0.535883
0.031697
0.090575
0.385555
0.283511
0.165654
0.360308
0.759859
0.163475
0.065513
0.139471
0.068011
0.069455
0.149219
0.012780
0.011301
0.092517
0.024348
0.140265
0.064217
0.247653
0.011448
0.804363
0.082699
0.085753
0.292118
0.744306
0.134735
0.285860
0.013999
0.104942
0.126945
0.351596
0.106517
0.113995
0.121975
0.144048
0.017088
0.141732
0.095579
0.044848
0.193539
0.007653
0.030870
0.845556
0.086925
0.322611
0.711723
0.388264
0.317312
0.019700
0.384594
0.055147
1.018691
0.003577
0.223856
0.114036
0.061700
0.083349
0.253274
0.017379
0.273443
0.062587
0.110902
0.596724
1.282255
0.351914
0.357581
0.092852
0.192685
0.288969
0.053912
0.247718
0.038520
0.220712
0.637574
0.624339
0.379530
0.042908
0.198501
0.052508
0.106889
0.263303
0.031123
0.224348
0.125567
0.355613
0.181773
0.386212
0.582462
0.323078
0.248653
0.021093
0.041563
0.013000
0.169497
0.048908
0.076664
0.099234
0.037639
0.069096
0.065491
0.426933
0.051838
0.025428
0.592331
0.030701
0.531395
0.086653
0.181769
0.179214
0.464070
0.148442
0.018936
0.113865
0.082765
0.149129
0.155469
0.746699
0.146586
0.067256
0.145412
0.077924
0.032208
0.021119
0.216076
0.032919
0.050333
0.072051
0.109604
0.473006
0.061183
0.197906
0.195846
0.404507
0.204861
0.529785
0.116891
0.011620
0.164342
0.000051
0.570341
0.070735
0.139070
0.206063
0.023926
0.090153
0.091290
0.614626
0.032567
0.339385
0.221896
0.260583
0.329832
0.134241
0.642327
0.158630
0.086874
0.011456
0.025018
0.137416
0.231992
0.019585
0.012616
0.263107
0.015013
0.002250
0.180628
0.772068
0.190390
0.650805
0.052509
0.252988
0.161596
0.104134
0.174415
0.237569
0.034040
0.223678
0.371066
0.011520
0.005950
0.514090
0.218620
0.120284
0.007122
0.244035
0.318141
0.096408
0.208161
0.291042
0.007755
0.148766
0.040741
0.190132
0.066280
0.025280
0.171671
0.040836
0.179859
0.130209
0.286210
0.058662
0.415554
0.161959
0.336597
0.226331
0.028462
0.052404
0.081981
0.116074
0.085675
0.290688
0.250683
0.002271
0.508508
0.263571
0.169253
0.368200
0.002911
0.158202
0.279203
0.451355
0.069728
0.603182
0.196209
0.858277
0.160267
0.466955
0.172103
0.140271
0.394461
0.234949
0.160803
0.138437
0.127777
0.084502
0.104946
0.227294
0.020790
0.344917
0.329314
0.046221
0.242229
0.184800
0.177121
0.012297
1.015207
0.050054
0.415292
0.893222
0.312313
0.094580
0.010586
0.010492
0.287126
0.416551
0.427669
0.277629
0.065061
0.417362
0.173308
0.239578
0.021832
0.381285
0.085542
0.125778
0.261487
0.108732
0.244431
0.451729
0.548867
0.005357
0.276622
0.794835
0.401065
0.219778
0.040553
0.016875
0.182072
0.274343
0.189289
0.005331
0.042330
0.384489
0.012559
0.101666
0.062828
0.109536
0.506232
0.440644
0.120269
0.014420
0.046609
0.006239
0.106158
0.365451
0.115846
0.039184
0.042526
0.019482
0.237338
0.089866
0.511469
0.228098
0.150845
0.163127
0.001519
0.065437
0.089053
0.005672
0.945118
0.110775
0.092124
0.223307
0.343182
0.124283
0.249653
0.272315
0.023389
0.264577
0.287499
0.420497
0.046997
0.083843
0.112870
0.243773
0.299182
0.011944
0.019761
0.074544
0.594057
0.328678
0.089661
0.017361
0.073153
0.116837
0.035823
0.169870
0.152417
0.044263
0.679975
0.079468
0.181936
0.174811
0.105614
1.083188
0.213396
0.095023
0.168686
0.095186
0.066183
0.088172
0.360065
0.030179
0.154659
0.070782
0.395270
0.019912
0.133639
0.086225
0.100999
0.342495
0.215899
0.017749
0.710283
0.510636
0.012352
0.033621
0.173552
0.653473
0.040528
0.014279
0.100028
0.042941
0.099583
0.087745
0.177137
0.038250
0.104473
0.539821
0.053178
0.270023
0.093964
0.189174
0.001625
0.320949
0.238104
0.067840
0.289267
0.062287
0.506797
0.046091
0.287932
0.007931
0.294690
0.024400
0.224112
0.010556
0.209943
0.137755
0.133406
0.191550
0.051252
0.228467
0.107267
0.010829
0.772490
0.568263
0.009186
0.139911
0.211526
0.042355
0.197569
0.035179
0.048077
0.003816
0.198013
0.826011
0.103899
0.091735
0.081155
0.032806
0.077940
0.233495
0.199489
0.078249
0.120758
0.402336
0.035424
0.500806
0.258059
0.133664
0.527100
0.391386
0.041745
0.194586
0.106088
0.356357
0.023235
0.145367
0.008982
0.278041
0.048796
0.160711
0.240758
0.341336
0.109099
0.081549
0.481040
0.489907
0.102682
0.446939
0.488529
0.062723
0.385152
0.002634
0.118294
0.010936
0.167326
0.316196
0.237145
0.160286
0.006648
0.036875
0.609871
0.216577
0.123582
0.002318
0.159101
0.369513
0.051188
0.151762
0.142759
0.206417
0.179329
0.352466
0.696228
0.243273
0.248295
0.133558
0.081244
0.255883
0.047827
0.056004
0.213034
0.447513
0.036116
0.071649
0.016399
0.046718
0.546732
0.015661
0.279588
0.298644
0.059677
0.089620
0.030390
0.175768
0.054629
0.015518
0.150414
0.038189
0.012422
0.155485
0.008866
1.162491
0.162700
0.176278
0.129763
0.107657
0.179361
0.023866
0.248187
0.391127
0.140180
0.274040
0.280214
0.217136
0.059804
0.269763
0.066951
0.325410
0.070438
0.142473
0.140296
0.189802
0.023575
0.013451
0.466890
0.074757
0.821925
0.205230
0.093129
0.171780
0.244158
1.415409
0.406139
0.448467
1.496518
0.273139
0.140255
0.050956
0.410626
0.058359
0.107060
0.213194
0.037972
0.023955
0.254146
0.115166
0.258350
0.284409
0.805679
0.085825
0.025477
0.075446
0.677727
0.035904
0.267662
0.118998
0.319154
0.393277
0.137931
0.165837
0.077640
0.020599
0.020791
0.055851
0.055553
0.608038
0.009081
0.364531
0.012745
0.851283
0.230894
0.072700
0.194843
0.266057
0.354535
0.031598
0.511456
0.276988
0.506400
0.014676
0.550262
0.302232
0.038767
0.290955
0.246680
0.114504
0.227725
0.061152
0.035118
0.104013
0.383247
0.040978
0.054640
0.124993
0.190863
0.515560
0.188602
0.066190
0.078361
0.225950
0.518493
0.539744
0.170552
0.066222
0.374789
0.043426
0.454370
0.066244
0.030682
0.005208
0.114655
0.086191
0.253132
0.395428
0.111713
0.550181
1.067335
0.088737
0.038269
0.014195
0.060790
0.081801
0.953139
0.072812
0.033821
0.593401
0.183694
0.207625
0.332205
0.125299
0.300341
0.189961
0.018350
0.001651
0.292150
0.003253
0.296933
0.092190
0.491406
0.009040
0.010179
0.478935
0.044790
0.291553
0.042888
0.170093
0.044262
0.151637
0.260450
0.167696
0.395332
0.075431
0.157537
0.197239
0.511379
0.216430
0.004681
0.130181
0.002627
0.077077
0.466589
0.088924
0.106016
0.513397
0.243475
0.023075
0.867052
0.214333
0.420000
0.349356
1.008781
0.036404
0.014559
0.004231
0.140242
0.000048
0.281694
0.028955
0.313101
0.072454
0.129273
0.012694
0.032353
0.000180
0.181242
0.007550
0.024773
0.098386
0.675338
0.148494
0.174705
0.073536
0.001370
0.004548
0.151337
0.809847
0.202404
0.065237
0.090476
0.637797
0.047953
0.463013
0.112035
0.256098
0.139577
0.010116
0.027712
0.330842
0.195902
0.206444
0.552773
0.382237
0.100920
0.581386
0.136576
0.182583
0.032403
0.240909
0.057670
0.012416
0.152076
0.014881
0.552112
0.749175
0.278369
0.034180
0.133746
0.093812
0.437609
0.288242
0.070627
0.390071
0.037805
0.071893
0.005903
0.055723
0.269890
0.016057
0.070008
0.334011
0.020803
0.553658
0.049881
0.287656
0.089717
0.119450
0.077997
0.157894
0.118310
0.113965
0.149204
0.023759
0.182701
0.059244
0.125146
0.095263
0.020501
0.081224
0.196403
0.002109
0.038165
0.498797
0.112634
0.006051
0.263126
0.231445
0.182335
0.008096
1.419118
0.005450
0.211654
0.119963
0.368904
0.150987
0.120463
0.250336
0.016109
0.258928
0.484733
0.111390
0.135506
0.112281
0.099357
0.197252
0.168827
0.256519
0.204925
0.021548
0.290335
0.157834
0.033660
0.546751
0.048444
0.271710
0.084178
0.259908
0.203566
0.021766
0.181139
0.208019
0.135786
0.549947
0.007693
0.216167
0.020540
0.135814
0.034181
0.394882
0.086719
0.078242
0.041068
0.178633
0.048130
0.195462
0.155137
0.023015
0.033990
0.025811
0.009056
0.232521
0.147134
0.199030
0.174835
0.350374
0.228896
0.567441
0.226451
0.266957
0.162623
0.024484
0.163586
0.056767
0.108125
0.183278
0.036270
0.079560
0.319344
0.394416
0.281433
0.037336
0.091912
0.388959
0.385895
0.216375
0.465169
0.460480
0.313195
0.522801
0.108516
0.423266
0.033994
0.176469
0.196479
0.131224
0.062881
0.205698
0.140760
0.167772
0.280854
0.139200
0.131669
0.279684
0.410280
0.281893
0.370414
0.247046
0.805413
0.057382
0.029875
0.036808
0.238952
0.019755
0.011740
0.475775
0.164656
0.011345
0.137865
0.124825
0.004897
0.135610
0.066633
0.262311
0.130302
0.369009
0.074413
0.199392
0.383467
0.577590
0.053623
1.003820
0.014302
0.685016
0.253416
0.068270
0.316980
0.021356
0.289140
0.029431
0.088615
0.034715
0.271251
0.743685
0.022132
1.185379
0.043809
0.053694
0.200989
0.008423
0.080808
0.417764
0.094764
0.090829
0.188739
0.245187
0.282649
0.126130
0.229550
0.080788
0.302105
0.003861
0.142781
0.027591
