0.129862
1.692141
1.298672
0.265017
0.615653
0.537221
0.948945
1.399128
0.088705
0.025881
1.625812
0.510287
1.292996
0.001897
0.530537
1.150633
0.233783
2.614820
2.085266
0.027961
0.023198
0.701644
2.519397
0.431982
0.219700
0.493545
0.026524
0.225569
0.518448
0.616326
0.238841
0.236242
0.222210
0.553907
0.307964
0.019552
1.635802
0.731659
0.925240
0.185112
4.408792
1.769158
0.115961
0.364058
1.150453
1.117793
2.480202
0.493530
1.594950
0.998630
0.325349
0.797143
1.927024
1.684877
0.633394
0.800251
0.031622
0.250244
1.436888
0.481474
0.170964
0.716258
1.092744
1.010114
0.422576
0.520169
0.639129
1.356366
0.662334
0.449682
0.605469
0.027019
0.040015
1.093779
3.677081
0.809454
0.450193
0.168075
0.627871
3.619485
1.324758
0.698128
1.771366
0.237775
0.648969
2.741705
0.776037
0.553122
0.282352
0.714658
2.834337
0.005153
1.377794
1.545751
1.955820
1.214111
1.490593
0.658097
0.741664
0.499755
0.051984
1.836269
0.759572
0.200649
0.632370
0.597099
0.397156
0.382290
0.695905
0.879128
0.853125
0.551484
0.025536
0.234767
0.175550
0.790361
1.776011
1.441497
1.435527
1.525679
0.265289
1.659192
1.006328
0.078213
0.015148
0.013200
1.268005
0.258385
0.104363
0.882271
0.380015
0.064845
0.156517
0.674518
0.165687
0.286840
1.119035
0.545780
0.349750
0.577817
0.021527
0.439801
0.491681
0.187473
0.103629
2.070695
0.642228
0.211115
0.837462
1.528637
0.018934
0.016223
0.142528
1.141934
0.157162
1.097500
1.020375
0.708123
0.224308
3.341653
1.438697
0.654219
0.227310
0.941007
0.452122
0.771893
0.348747
0.897136
0.054525
0.319217
3.095102
1.875352
0.329257
1.760002
0.334432
2.521459
1.225765
0.484334
0.261748
0.007665
1.898672
0.034789
1.540394
2.947928
0.760160
0.169343
1.820967
3.276946
1.095727
0.639949
0.427289
0.383465
0.207335
1.009195
0.510577
0.194237
0.099260
0.986838
0.315972
0.623472
0.354199
1.847495
2.069436
0.016433
0.201789
0.357400
3.911974
1.373830
0.372732
0.215608
1.010029
1.636484
2.421907
0.379229
1.926368
1.045714
0.596354
3.810757
0.240669
1.163409
0.079634
0.167365
2.177083
0.215538
1.281096
0.825132
1.655715
0.413133
0.374353
0.309783
1.818511
0.833667
2.777238
1.964445
0.130883
0.721001
0.099110
0.035932
0.068409
1.810055
1.396547
1.586886
0.375189
0.859496
1.370536
0.427391
0.761210
0.227911
0.076750
0.279209
1.992854
0.748025
2.332047
0.550857
0.292139
1.391879
1.583022
0.011213
0.998920
0.086546
0.110055
1.947011
0.036762
0.246559
3.992530
0.491829
0.110519
0.164864
0.248677
1.226343
0.097663
2.174828
0.427735
3.163858
2.159412
0.313356
0.263015
0.583374
0.094954
0.950127
0.036384
0.009506
3.645310
0.315304
0.816978
0.537799
0.338247
0.058531
2.201727
3.150318
3.149818
0.106259
0.218086
0.865646
3.518703
0.704594
1.048825
0.975798
0.269884
0.702016
0.330470
0.254582
0.076383
0.296638
3.687256
0.534627
0.950025
0.928193
2.543155
0.445573
0.329773
0.356732
0.342785
1.690379
2.015651
0.324627
0.366270
0.707181
0.778579
0.815623
0.253051
0.018526
0.251456
0.067569
0.721070
0.066201
0.070292
0.908015
0.309283
1.413995
0.611783
1.786694
0.150703
0.626409
1.426198
0.072218
2.682368
0.171219
1.347338
3.773508
1.551103
0.346810
0.101729
0.650056
2.265950
0.312675
2.017839
0.137501
2.171981
0.029048
0.341908
2.100559
1.466017
2.139130
1.653374
1.234034
1.052890
0.176583
0.510082
0.154668
1.129185
0.991759
0.262023
0.059924
2.976589
1.486419
0.717198
0.701575
1.715198
0.543485
0.453332
0.372151
0.268528
0.022240
0.935729
0.485123
0.760837
0.057913
0.394576
0.133947
0.120311
0.269916
1.589137
0.456445
0.461368
0.853108
0.239363
0.006755
0.677038
0.625453
0.941861
0.519136
1.043998
1.183152
0.245070
0.615006
0.586506
0.229475
0.478302
0.739716
2.137055
2.247718
0.289705
0.935669
0.044458
0.066816
0.645127
1.889122
0.156348
1.307298
1.931097
0.336311
1.061519
1.701375
0.418141
1.087432
1.200052
0.812544
1.745882
2.042273
2.898763
0.762157
0.174528
0.259629
0.220872
0.758563
1.276007
0.048187
1.030105
1.136565
0.384914
0.651349
0.162074
1.178054
0.037404
3.577517
1.484970
0.891061
0.280195
2.196245
2.884450
0.134827
1.345523
1.660250
0.970181
1.084800
0.530004
2.322972
3.192877
0.433655
1.460779
0.510532
0.162026
0.354362
0.121547
2.156067
2.884122
0.114219
0.826191
0.472165
0.113099
0.315209
0.256776
1.246143
0.003615
0.189470
0.519867
0.019133
0.888831
0.837414
1.623443
0.208292
0.301651
0.703465
0.287225
0.793131
0.259973
1.035466
1.409270
1.488308
3.271501
0.709458
0.607439
1.742260
1.319066
0.760714
0.434972
0.300727
0.103001
1.483123
0.113080
1.237873
0.709280
3.015762
1.288410
3.268222
0.132183
0.624501
0.764986
0.335591
0.629308
0.397196
0.676450
0.000761
0.525564
0.537321
0.327199
0.458848
1.375434
1.035141
0.610077
0.938864
0.426695
0.205243
0.003495
0.292685
0.820541
1.920796
1.591702
0.643780
3.909782
0.557206
1.619414
0.473293
1.228540
3.950450
0.327895
0.168036
0.870905
0.681353
0.400846
0.003173
0.443632
0.499409
0.467656
1.777543
0.790290
1.191261
2.053703
1.243260
0.610791
1.232558
0.920375
0.941620
0.894038
0.470303
0.893034
0.903952
2.489845
1.372892
1.685290
1.312978
1.520246
0.837037
0.386944
0.276586
1.107963
1.863912
0.707223
0.148461
1.610652
0.596431
0.566484
0.041805
0.642531
1.228952
0.494295
0.394902
0.962612
0.017945
0.636820
2.629015
1.055365
0.462633
1.050901
0.835969
0.210886
0.209543
1.954601
0.282093
0.070053
1.598356
0.666588
0.413276
0.644809
1.201103
0.166130
0.952761
1.124817
1.518676
0.282945
0.846678
0.237702
0.741022
0.170263
1.403588
1.813758
0.359951
0.226294
2.986539
1.103874
1.670914
0.027909
2.066883
0.876652
0.342514
0.508699
1.290398
1.385132
0.189539
0.884876
0.162970
3.252389
0.527603
2.199164
1.172578
0.838858
0.273411
0.673019
0.134297
0.133752
1.132110
0.403192
1.252633
0.247578
1.139768
1.140787
0.328101
0.101233
0.455266
0.610187
0.094799
0.186058
0.051240
0.819085
1.977399
0.219652
0.031797
1.095424
1.518224
2.994858
0.854814
0.377302
1.637413
0.113075
1.061753
0.090068
0.459302
0.614918
0.427181
0.166177
0.237238
1.544069
0.558871
0.780606
0.214325
1.129534
0.360587
0.810417
2.162036
4.665431
0.042588
1.437059
1.754127
0.346533
0.434813
0.781294
2.260202
0.459636
1.908463
1.279023
0.148677
2.204724
0.013768
0.141176
0.983755
0.052934
0.429492
0.125314
0.559396
1.649213
2.128822
0.032503
0.056504
1.652840
0.039383
0.287677
0.112432
0.085907
0.025210
0.913290
1.228482
1.044740
1.681521
0.978948
0.444427
0.897417
3.143828
0.923503
0.250662
0.055864
2.462333
0.803527
0.387171
0.836787
0.739410
0.664654
0.056459
0.392185
0.478921
0.200119
1.909027
0.496670
0.977266
1.125161
1.223803
1.149261
1.255651
0.260813
3.371998
0.147337
2.258066
1.735247
1.720488
0.048831
0.086085
1.509251
0.569977
0.416194
3.761176
0.036850
0.682330
0.527236
0.123479
0.452554
1.106815
1.925774
0.022435
0.669068
0.085252
1.450266
0.080721
0.031312
0.436403
1.187129
0.338150
0.125341
1.424395
1.480183
1.743272
0.325835
0.497781
0.253399
0.733128
0.360574
0.372143
1.377653
2.817287
0.789667
0.099525
0.951486
0.535784
3.982858
1.143683
1.620463
1.087443
0.690345
2.044138
1.603363
0.309924
0.153744
0.416335
0.662595
0.092208
0.381329
0.769900
0.040097
1.518410
0.947717
0.338731
0.318851
0.391334
0.354123
1.242330
0.625737
0.672137
0.144951
2.212452
0.354503
0.357164
0.064198
3.494724
0.588011
2.196471
2.363208
3.148497
1.521726
2.336575
2.299286
1.454670
0.130088
0.667559
0.771379
4.403270
1.379015
1.092367
1.235682
0.403880
2.567460
0.928281
0.463613
0.562219
3.509859
0.683605
0.165312
0.144527
1.046094
0.744578
2.135767
0.183669
0.476562
1.171626
0.046263
0.094047
0.710113
0.277990
0.101789
0.273062
0.900050
0.672610
0.073574
0.068038
1.711178
0.927620
0.171355
1.781370
0.019882
0.413129
1.693298
1.114951
0.300356
1.997094
0.820348
1.805527
2.009698
0.498742
1.013201
0.707677
2.606058
1.440255
1.164568
1.513964
5.668167
0.266822
0.202365
1.236157
1.324010
0.649918
0.600865
0.465375
1.928695
1.431695
0.790657
0.036851
1.714284
0.551994
0.189383
0.320178
1.057947
0.004970
0.115096
0.324426
1.963856
1.236433
3.179973
0.704821
0.763702
0.721415
0.671186
0.702877
1.536185
2.758936
0.472281
0.894743
0.331040
0.323467
0.635276
0.794282
0.718646
3.378737
0.160107
0.911186
4.687795
1.199087
0.751050
0.413497
0.462957
2.481371
2.031252
0.996914
2.061128
2.333206
1.685733
0.435205
0.561871
1.430264
0.419601
1.245378
0.590996
0.369260
0.548171
0.111487
0.393953
0.482828
0.016498
0.169948
0.271278
1.756001
0.801511
0.304629
5.477869
0.268469
0.649000
1.210706
1.057907
0.511455
1.350516
0.598618
1.131209
0.608443
3.201898
1.133473
0.086243
0.124788
3.056986
0.234327
0.023835
0.262791
0.588165
2.736065
0.458439
1.157008
1.618158
0.084051
0.851824
4.922058
0.717849
0.688152
0.383150
2.628652
3.143959
0.098000
0.724343
0.489679
1.002297
0.113667
0.277506
0.294097
0.588037
1.418763
1.755769
1.389385
1.016555
0.082107
0.444449
0.994262
0.313642
0.638017
2.119233
0.111128
1.730974
0.100673
0.439519
2.122187
0.202180
0.661966
0.485000
1.969907
4.352790
0.306459
0.610391
2.028460
0.708308
0.217435
1.283139
0.370003
0.598934
0.007739
4.056182
0.963764
2.341048
3.117300
0.280204
0.699925
0.522241
1.283862
1.662844
0.233547
0.288885
1.102559
0.477379
0.125544
0.195569
0.740621
0.821281
2.898600
0.684859
0.845099
0.145055
0.480688
0.295393
1.069948
0.279619
0.217177
0.412530
0.572323
0.371778
0.837652
0.179928
1.907565
1.066257
0.688688
0.053930
0.355082
1.054376
0.932237
1.503963
1.998975
0.340984
0.612618
0.360486
0.123189
0.135863
0.266711
0.082932
0.696581
1.092386
0.745189
1.038998
0.230853
0.200159
0.754511
1.940967
0.493775
0.003821
0.018230
0.327854
0.859936
0.079521
0.228835
1.027435
3.779251
0.375428
0.827228
0.657633
0.021057
0.360207
0.135156
0.259900
1.322634
1.028879
0.037699
0.072479
1.161654
0.098040
0.343161
0.282423
0.045943
0.028499
0.134731
0.458734
2.442287
0.915441
0.249437
1.024491
0.287730
0.651688
0.349518
2.672548
0.390982
1.464671
0.922473
1.668227
0.838630
1.838868
0.467521
1.022690
0.872336
0.675191
0.748010
0.690622
0.450447
2.057327
0.901491
0.716905
0.049903
0.639315
0.173295
0.217891
0.513219
0.710607
0.259409
0.284392
0.679801
0.576899
0.464688
0.098586
0.420814
0.956281
0.707129
0.708223
1.671061
1.155894
1.038492
0.027797
0.331519
1.032301
0.152400
2.202569
0.137759
1.901672
0.219320
1.658310
1.696848
0.367801
1.975104
0.156669
1.702081
0.432754
0.521383
0.112864
0.826926
0.282939
0.989325
1.445744
0.832989
0.007397
2.739207
2.269576
0.926855
0.429516
0.742806
1.929579
0.553783
1.359523
0.821425
0.493798
2.439857
0.472479
0.837760
0.049271
0.572689
0.034319
1.096060
0.000531
0.038678
0.106019
0.135296
0.638492
0.396454
0.284354
3.700723
2.157205
0.957431
1.457935
1.541862
0.253141
1.486576
0.246770
0.743716
0.398454
0.155483
1.349938
2.232913
0.338794
1.906458
0.382536
0.964481
4.923177
1.330848
0.051549
0.513634
0.424882
0.313239
1.524201
0.523478
1.081299
0.906902
0.658691
0.051896
1.006113
1.997935
0.170085
0.926373
0.601503
0.375308
1.115412
3.327183
0.019713
2.048399
0.434946
1.615369
0.172820
1.134780
0.094521
0.367998
3.153167
0.962014
1.381414
0.556746
0.573374
0.610655
1.335141
1.156176
0.193845
0.522809
0.702844
0.762568
2.352747
1.647902
0.146141
0.424619
0.103842
0.023916
0.069763
0.181867
1.307488
0.990250
1.438964
0.306346
0.152121
3.221224
1.573959
2.640024
0.017069
0.454579
0.904114
1.198880
2.194055
0.694449
0.446037
0.004804
1.466049
3.623576
2.140028
0.976954
0.377346
0.245987
1.342568
2.465996
2.904355
0.173798
0.792294
0.647761
0.501851
1.423644
2.470930
1.160659
1.084494
1.055851
0.954033
0.692547
0.256416
1.360578
0.114123
0.929259
0.440433
0.738806
0.923084
0.586673
3.438900
0.246038
0.011019
2.796158
0.336580
0.293248
0.483390
0.813407
3.849223
1.106438
0.344876
0.688543
0.535905
0.626694
0.486551
0.165117
0.452995
0.443524
0.201639
1.528042
0.401646
0.147842
0.753055
1.676988
1.365013
0.875671
1.181867
0.368681
0.138583
0.264946
0.386810
0.294572
0.567597
0.145243
0.125607
0.262188
0.196904
1.456180
0.694108
0.199044
0.504672
1.849559
0.775648
0.726520
0.446813
0.196158
0.883719
0.072259
1.388401
0.053321
1.234610
0.434057
1.032299
0.804648
0.124484
0.695950
0.069356
0.248437
0.432658
0.302771
0.975598
3.897153
0.397256
1.641466
0.229518
1.112013
0.384554
0.689850
0.083480
1.580857
0.210824
0.560341
0.308616
1.495620
0.808152
0.859493
1.264924
0.264809
0.054012
1.587145
0.341298
1.505481
2.824384
0.892862
0.098122
1.731654
0.903205
0.254006
0.209729
0.637839
0.116653
2.128207
1.107477
1.539737
0.435795
2.309794
0.129436
1.133696
0.264456
0.003274
0.115962
0.202568
1.297038
0.427406
0.592055
0.855752
0.280360
0.915579
1.002094
2.288692
0.629008
1.739697
3.090862
1.318396
0.492106
0.285684
0.092559
1.600214
0.124922
0.737887
0.544508
0.041295
0.217105
1.557919
0.696257
2.324005
2.147116
0.088872
1.020210
0.039235
0.494402
0.524694
2.829240
0.814187
0.189650
0.641551
0.664008
0.197544
0.401281
1.889640
3.589573
1.349986
0.060008
2.126834
0.552004
1.616495
0.175078
0.143819
2.134378
0.302585
0.039609
0.625721
4.197326
1.624350
0.454210
4.475149
1.433633
1.661019
0.934884
0.451354
2.125240
0.572460
2.455090
0.723050
2.165727
0.583626
0.500901
0.799550
0.343544
0.145629
0.800974
1.713204
0.292878
1.802375
1.392362
1.345197
0.482729
6.020855
1.408355
0.771474
0.108437
0.767595
0.013037
2.092428
0.369471
0.413471
0.720425
0.913168
0.786613
0.597099
0.905484
1.690423
0.531872
0.623975
1.496303
0.003071
0.157680
0.353778
0.216647
2.037114
0.144380
0.102746
0.343399
0.639522
1.550754
4.894046
1.718697
0.844769
0.034494
0.059011
0.896619
1.542730
0.277724
3.132772
0.719432
0.767501
0.867568
0.070082
0.168118
2.476693
0.279911
0.078271
0.298695
1.165645
0.274417
0.212813
0.292073
0.589264
1.203922
0.322710
1.860830
3.352333
1.553457
0.070287
0.341105
2.340720
1.765553
0.128708
0.525419
0.407220
1.238602
0.026217
0.341130
1.246872
1.961297
0.037327
0.798831
0.980532
1.856622
0.497389
3.252384
0.197938
0.109709
0.125383
0.795275
0.117549
0.279054
0.196678
0.051193
2.952276
0.367070
2.992207
1.156125
0.223349
2.426688
0.008456
3.598550
0.029517
0.262899
0.722580
0.008298
1.302250
0.079608
1.528867
0.032162
0.675999
0.211509
0.306676
0.606865
0.417803
0.447793
0.953705
0.195492
0.180255
1.037935
0.317111
2.432155
0.499990
0.578245
0.021099
0.018785
0.099605
0.884255
0.983036
2.736611
0.509815
1.106887
0.378889
0.069253
0.490542
1.088462
1.467705
2.732591
1.606339
0.746306
0.719389
0.625806
0.584401
1.026874
0.771596
1.751439
0.538175
0.573388
1.605837
1.013301
0.668957
0.745960
1.474535
0.841426
0.269962
0.334275
0.835083
0.042239
0.550537
2.002286
0.237738
0.528541
1.082091
2.337306
1.072464
0.884741
0.435904
0.517603
0.924367
0.396498
1.382867
0.007402
1.252783
1.219479
0.329326
0.013566
0.371457
0.800653
1.391593
1.838738
0.210515
0.076744
0.114934
4.062835
0.933182
0.123646
1.056289
2.885316
0.841553
0.238240
2.952425
1.085237
0.181887
1.308029
0.631378
0.768075
0.409834
0.313009
0.490932
0.672657
0.556976
1.810710
0.069393
0.199693
2.495405
0.842518
0.864994
0.894219
0.251142
0.451797
0.212319
0.148369
4.101794
1.225667
1.901790
0.001318
1.097089
0.330393
0.620080
1.012234
0.028515
0.416917
0.726482
1.867032
0.647925
0.343903
0.833163
0.788524
0.311147
0.714769
0.290820
0.010222
0.334904
0.081357
0.609354
0.625903
1.837737
1.240160
1.245428
4.113207
0.276702
0.419748
0.235880
0.097315
0.651671
0.644458
0.125051
2.302206
3.455876
0.063676
0.002858
0.057410
1.184187
1.722665
0.061612
0.008102
0.694867
0.364079
0.017024
0.007954
0.213700
0.200953
0.315065
0.719989
0.260571
0.239348
0.213004
1.962339
0.245327
0.729381
0.542373
0.362319
0.469941
0.014508
0.184163
0.919834
1.290000
0.221736
0.174805
2.125076
0.092607
1.425658
1.893744
0.142357
1.610647
0.146327
0.039657
0.303479
0.379879
0.801430
0.525899
1.419522
0.983636
0.114226
0.203497
1.233956
0.110902
2.744892
1.502078
0.223427
0.303326
0.261467
0.494678
0.257283
0.029515
0.261037
0.194997
0.387600
0.545059
1.866559
0.969754
0.860189
1.799098
0.439767
0.499761
0.252332
1.595832
1.888657
2.175479
0.835815
0.108770
0.067512
1.437467
1.950196
0.683876
2.281831
2.403326
1.264933
0.416610
0.548491
0.390317
0.453837
0.573627
0.015533
0.122593
0.165547
0.752932
1.847410
1.118429
0.145733
0.550716
0.888293
0.130722
0.074739
0.852164
0.241596
0.932219
0.169371
1.743555
0.333619
0.503319
0.718589
1.957152
2.233298
1.676693
1.038282
0.064528
0.186089
0.688385
3.787419
1.165646
0.191499
0.396047
2.954230
0.637884
1.838405
1.756704
1.369969
0.887660
0.986531
0.376801
0.115475
2.670620
0.029857
0.284331
0.856484
3.015413
0.212341
0.255285
1.694942
0.356497
0.464187
0.401293
0.045646
2.559822
1.076792
0.006164
0.091973
0.130996
0.414243
1.989186
0.136641
0.232983
0.335842
0.643291
2.082188
0.697815
2.104899
0.702654
0.509267
1.846389
0.782542
0.579882
0.646528
0.395534
0.510817
0.069347
0.206717
1.295712
0.129052
0.210157
0.160777
0.405720
0.045490
0.402122
0.846743
1.019812
1.818016
0.081994
0.929094
0.196692
0.377277
0.770373
1.637883
0.999458
3.797850
0.016300
0.341936
0.589162
0.033190
0.048414
0.411233
0.737163
0.131059
0.063676
0.345558
1.217651
0.753675
5.171362
0.836220
1.989791
0.765640
0.590128
0.483368
0.066757
0.058499
0.966721
1.764200
0.017309
0.178855
0.357034
0.337969
1.617256
0.261798
0.329032
0.601757
2.710808
0.313983
0.903883
0.044838
0.508184
2.358197
0.220626
0.396696
0.955561
0.750289
0.772287
0.844114
1.012608
0.350629
0.390084
0.455264
0.664965
0.753319
1.864079
0.453519
0.536823
1.608925
3.188742
0.250429
1.179835
0.256053
1.216253
0.035360
0.636756
0.759528
1.082351
2.240355
1.426689
0.745206
0.618761
0.011983
0.724004
0.743444
1.219671
0.162720
0.799505
0.047665
1.164835
1.551397
0.518270
1.047372
0.977066
0.325646
0.083146
1.276927
0.397557
0.158394
0.525390
1.610468
2.774858
0.754020
3.151604
0.171418
0.606747
0.007571
0.239876
1.882803
0.055108
0.956305
0.641173
3.949385
4.545792
0.118474
0.273520
4.282350
0.360355
0.179131
2.185055
0.864270
0.331558
0.727473
0.501822
0.551215
0.722915
0.167456
0.860473
2.794365
0.806927
1.393931
0.298829
0.151146
0.005813
3.582218
0.114091
0.430254
0.957068
1.193864
0.866414
0.521134
1.518337
0.525637
1.623287
0.049985
1.152155
0.092127
0.441275
0.527297
0.180789
0.536334
1.724944
0.033378
0.194013
3.342427
0.537998
0.444477
2.194018
1.345988
0.171525
0.819918
0.179050
1.345376
0.731615
1.442170
0.060418
2.368058
0.235007
1.706097
0.524408
1.977191
0.096468
0.049765
0.568488
2.399375
0.563468
0.637383
0.161421
0.700898
0.501508
1.969640
1.215665
0.584670
0.145161
0.141994
3.194152
0.849795
0.229371
1.499299
0.219151
0.544613
1.887303
0.098234
0.097781
0.048614
0.148073
0.422329
0.349277
0.295807
0.012838
0.600939
0.530509
1.215134
0.324997
0.783297
0.338070
1.258511
0.172203
0.604865
0.531171
0.552468
0.695192
0.691351
0.342275
1.564095
2.723321
0.736855
0.908296
1.157461
0.346842
0.807480
0.558896
0.596238
0.450993
0.691587
0.221466
0.248205
0.201010
0.812345
0.253326
1.365294
2.121346
1.283381
0.358124
2.572498
0.379824
0.403862
0.814101
0.972722
0.473100
1.390406
1.728813
0.306477
0.228941
0.455911
1.079410
0.997312
0.173819
0.442947
2.089215
2.894852
0.834219
1.363197
1.648218
0.226149
0.061337
0.850588
0.437069
1.116425
0.312917
0.512185
1.486600
0.088097
0.471583
0.149706
0.686468
1.187683
3.921585
1.260236
0.140200
0.517038
0.703169
0.913906
1.086107
3.261020
2.565804
0.210512
0.155188
3.156857
0.157476
3.104190
0.114883
0.791422
0.125215
0.129275
0.365594
1.420776
1.090394
0.343495
0.132698
0.399729
0.172209
0.241113
0.618360
0.603760
2.303034
0.084642
0.685074
0.748777
0.138644
0.402382
0.133515
2.016854
0.385688
0.060345
0.580222
0.677678
1.964119
1.142737
0.207761
2.150823
0.004564
1.075196
0.038765
1.541746
0.188980
1.436358
1.511001
1.328531
0.105032
0.460165
0.099635
1.141276
4.613691
0.665704
0.949906
0.989806
0.138589
0.417922
0.386178
1.249910
0.476986
0.413046
0.716655
0.207538
0.060769
0.244630
0.018961
0.996330
0.549185
0.862925
0.754882
0.050143
1.519028
1.537698
0.006854
0.506200
1.386442
0.483215
1.768133
1.069300
0.972597
2.125784
1.358459
0.791457
0.043611
0.545402
1.050410
0.666519
0.790958
0.386809
1.656053
0.253457
0.918335
0.516634
0.144933
0.017335
0.125253
0.305982
0.575415
0.024417
0.062547
1.432484
3.531435
0.507500
0.571031
0.830745
0.091699
0.696305
1.008822
2.598553
0.927438
0.708518
0.475056
2.185560
0.666875
0.584374
1.191071
0.518412
0.062659
0.806470
1.809019
0.414852
0.091008
0.100555
2.131202
0.105983
0.955709
0.082418
0.646378
2.179159
0.240470
0.330537
0.850591
0.766876
0.739869
0.447875
0.037579
0.814004
0.291621
0.871830
0.518446
0.281538
4.923049
0.349266
3.187899
0.584579
0.687242
0.281863
0.171840
1.102206
0.547171
0.791895
0.181457
0.641953
0.967457
1.283497
0.988429
0.480667
1.040369
0.817650
0.584053
0.895560
0.329224
0.058725
0.143978
3.241431
2.008988
1.579194
0.269989
1.642892
1.402695
0.701247
0.324855
0.101682
5.502356
6.033891
1.712889
0.531131
1.177203
2.172114
0.702774
0.120310
3.366882
0.694452
1.321248
0.876795
0.060271
0.557852
0.010843
0.278199
2.932226
1.058316
0.750601
0.106949
1.040352
0.836998
0.913165
1.049243
2.366681
0.533749
0.849764
0.679063
0.800298
1.023645
0.187389
0.051433
0.111306
0.039284
0.728903
0.327600
1.381928
0.158956
0.146460
1.806286
0.084554
0.391707
1.054210
0.744450
0.279328
0.130208
0.775928
0.256661
1.744715
0.276916
2.434065
0.019801
0.849570
0.298584
0.579257
0.516256
1.490416
0.184400
1.314142
0.031176
0.911371
1.561875
0.504975
1.701886
0.394351
0.394622
2.175570
4.181153
1.401101
0.234596
2.568218
0.409477
1.820168
0.349587
0.220897
0.268211
1.056777
3.501231
0.662360
0.102051
1.038860
2.059427
1.368953
0.001655
0.336813
1.348617
1.087619
4.987691
2.056141
1.440530
1.052756
0.431030
0.032068
1.315555
0.549683
1.802235
0.127178
1.751400
0.933174
1.955405
1.087420
0.515678
0.653143
0.093183
0.249942
0.769977
0.176174
0.399535
0.927468
0.812920
2.018403
0.510981
0.725975
0.493120
1.265384
0.884383
2.616122
0.137291
0.122448
0.311390
0.861999
0.915814
0.202593
0.284987
0.814426
0.276337
1.594175
0.101444
1.373494
0.149481
1.127221
1.371356
2.584901
2.091205
0.022312
0.973683
2.171349
1.323800
0.544920
1.248650
0.300782
1.462479
0.469305
3.183468
0.025458
0.786582
0.125280
1.307725
3.171097
0.609482
1.656826
0.238758
0.025692
1.463167
0.475700
0.079006
1.005343
2.082386
0.078756
0.849277
0.384405
0.039033
0.068436
0.041765
0.329668
0.331200
0.693905
0.872579
1.710028
1.745592
0.168925
0.889127
1.883521
0.258804
0.831458
4.001446
0.905565
1.088136
0.334986
4.405637
1.602479
0.350757
0.323321
0.004329
0.590529
1.860132
1.383045
0.143680
0.248982
0.158243
0.270552
0.203732
0.162282
0.725039
2.210662
1.735490
0.873980
0.342074
2.150767
0.213319
0.035504
0.219018
1.404858
1.085626
0.335003
0.223403
0.912653
0.644808
1.422312
0.531277
0.078398
0.065753
0.236284
0.667308
1.128933
0.730995
0.008840
2.751065
0.551508
0.699549
0.192107
0.251016
0.216924
0.839301
2.154025
0.276015
0.386948
0.305066
0.026564
0.009502
1.366708
3.415622
0.038983
0.072028
0.541586
0.326459
0.254883
1.834606
0.193063
0.194861
2.128335
0.878392
1.042648
0.993338
0.023515
3.432647
0.026267
0.232202
0.580294
1.636015
2.686338
0.007992
0.134055
0.014496
0.132736
2.205500
0.079658
0.697238
0.195045
0.007149
0.295293
0.269706
0.704352
1.862670
0.679694
0.685818
0.294336
0.178544
0.587305
0.450750
2.087918
0.210183
0.023373
0.047749
0.343340
0.222306
0.455101
1.910216
1.172317
0.809917
1.605094
1.901310
0.060427
1.051570
0.126484
0.476031
0.444294
0.285212
0.040857
0.194442
1.102878
2.838706
2.162857
0.020830
0.758672
0.190444
0.662208
0.686400
0.159477
0.082835
0.589265
0.048645
1.655289
1.975768
0.013472
1.452392
1.642004
0.036500
0.796222
0.579718
0.173373
1.537328
0.751871
1.505821
2.461654
3.152292
0.977891
1.856271
0.058995
0.371104
0.579646
0.646086
0.412368
1.528378
0.785746
1.687380
0.526789
2.559035
0.395854
4.492326
0.751910
0.426216
0.872315
0.101103
1.045048
0.824301
1.472161
0.070842
0.489456
0.794220
0.056483
1.294278
2.076046
0.884413
1.300146
2.601036
0.545709
0.645517
1.971865
1.016438
0.291530
0.801149
1.312574
1.673152
0.125123
0.164571
1.046727
1.132840
1.176876
0.604715
0.435670
2.906515
0.264620
0.304150
0.022604
0.079418
0.883385
0.978123
0.222358
1.212671
0.168170
0.418652
0.911384
1.351869
0.542693
1.486916
0.574881
0.981340
1.613527
0.744408
0.744064
2.431707
0.031157
0.017028
0.033369
0.335177
0.694219
0.865824
1.029399
0.015467
1.863499
0.244076
3.081774
0.381953
1.676629
1.122399
0.020862
0.645812
0.450352
4.516538
0.237543
0.452296
0.172297
0.004229
0.695745
0.871017
0.159663
1.635516
0.226058
2.493265
1.007122
3.194520
0.518442
1.640313
0.836498
1.129644
0.475676
0.644558
0.285547
0.369881
2.337841
0.073381
1.606294
1.247574
0.159065
0.506803
1.623249
0.639847
0.637994
0.630662
0.169781
4.211485
1.241719
0.302646
0.383998
1.106772
1.837013
0.721659
0.303633
0.400019
0.708129
1.957062
1.095430
0.230035
0.018238
0.964183
0.275020
1.883340
0.157403
5.039013
1.451933
0.261754
0.014251
1.546996
0.105402
0.148455
0.436587
0.170498
0.089652
0.717070
0.957215
1.384739
0.053678
0.047390
0.575383
1.218272
0.209722
0.814579
0.105419
2.060285
1.861054
2.478984
0.443502
0.077607
1.531074
0.524068
0.387003
0.501789
1.111552
1.171982
0.515162
0.278977
0.147172
0.048863
2.948315
3.077749
0.062682
0.809070
3.255601
0.771996
3.176095
0.141314
1.143550
1.656565
0.109533
0.205721
2.638058
0.238912
0.862632
2.184935
1.118177
1.334738
0.319783
1.704692
0.133966
0.459676
0.604526
1.095408
0.031214
0.070359
0.413154
0.152271
2.163826
0.527745
0.800780
0.499835
1.764785
2.338305
2.075370
0.076149
0.849519
1.350369
2.245870
0.731056
0.571252
0.174410
0.007376
0.021936
0.293872
1.146647
0.463136
0.702540
0.284890
3.260753
2.277107
0.275896
0.436494
0.100227
0.452708
0.248667
1.167221
0.337496
1.042202
0.024218
1.104118
0.912834
0.308762
1.326798
1.796821
2.125911
1.067178
0.520419
0.791124
1.292072
0.341500
1.933861
1.390439
1.066746
1.280672
0.047293
1.508972
0.532554
1.043878
0.946669
0.495758
1.197789
1.754933
4.672975
0.015896
2.217674
1.342752
0.814925
1.292883
0.385269
0.466522
0.037308
2.373041
1.482023
0.653897
0.853483
1.563006
0.163574
0.760139
1.155596
0.786715
3.384458
0.266524
1.023661
1.359013
0.446041
2.535907
0.477962
0.142527
0.168119
0.449484
3.905337
2.217707
2.068770
0.979370
0.629847
0.925357
0.836378
2.785563
0.449196
0.447566
1.175819
1.465664
1.210034
0.156476
0.903571
0.281804
0.288394
0.265476
0.007973
0.114634
1.002734
1.430313
0.101716
2.638600
0.564333
1.372828
0.038171
0.074977
1.516450
0.091347
0.034346
0.964500
0.040329
0.482440
1.519349
0.108980
1.664213
2.168365
3.322177
0.857063
1.550043
0.156095
0.768243
1.874322
1.805766
0.169428
1.587996
0.456824
0.646577
1.436209
0.993046
0.355042
1.743930
2.403304
1.487807
0.045972
0.013761
0.771130
0.094251
0.082037
1.844617
0.043868
0.297117
0.327450
2.426627
2.639126
1.381648
0.552294
0.112226
2.987012
0.227628
0.922397
1.356523
0.641476
1.950490
2.515934
0.410188
1.112222
0.089245
0.507358
1.003744
0.289158
0.420458
1.282408
0.213330
2.299794
0.136651
0.227050
0.857647
0.235311
1.649089
0.400012
0.122489
0.995172
0.501870
0.880124
0.106841
0.049027
0.315029
0.651534
0.199784
0.210116
1.627971
0.249416
0.383585
1.845215
5.549417
1.331519
0.136295
1.302179
0.085306
1.446329
0.290681
0.222747
0.499826
0.138053
0.989296
1.559102
0.987929
1.436990
0.158278
0.286381
1.634805
0.355775
1.236717
0.753072
0.145562
0.225153
2.310808
2.089866
0.815620
0.014466
0.015229
2.498769
1.442465
1.077207
0.270466
2.154087
0.068284
1.048367
1.048834
0.416282
1.507596
0.189159
2.948436
2.431361
0.372677
0.360134
1.425793
0.378143
0.799228
1.057307
2.614341
1.262131
0.290492
0.392231
0.070202
1.468160
1.676123
0.227125
0.574815
0.382367
0.299181
0.026729
0.812848
2.704948
0.168836
1.262888
1.334603
0.690049
1.695807
0.495397
0.873632
0.063398
0.149151
0.795946
1.661908
0.578460
2.440756
0.612657
0.475082
1.377649
2.280450
2.081274
0.969636
0.217807
0.332394
0.733807
0.033169
0.319463
1.395906
0.260233
0.940206
0.326004
0.128827
0.365086
0.348649
0.293024
0.334731
2.257570
0.769577
0.618837
0.276091
0.307965
1.445430
0.365845
0.145249
0.440839
1.006987
2.543183
1.610636
0.614671
0.166064
1.954953
0.036335
0.786853
3.202945
0.343098
0.666032
0.328076
0.483334
0.103678
0.865151
1.087830
0.124535
0.009417
0.248692
0.393709
0.513123
1.121464
0.661171
0.029898
0.017289
0.527602
0.166040
1.486191
1.233287
1.467386
0.863408
0.211528
1.413664
0.307348
0.162244
0.035703
0.445427
2.790622
1.037309
0.970890
0.430229
0.515675
2.163310
6.154429
0.365303
0.797782
0.600599
0.204400
0.644515
0.083822
1.431385
0.466716
0.955989
1.363858
0.241619
2.655361
3.904710
0.597795
0.067469
0.918258
1.021316
0.221505
1.354395
0.298050
0.271080
0.080243
0.868408
1.269527
1.066646
0.328075
0.317545
0.049885
0.173728
0.264235
0.210783
0.038753
0.458618
0.008985
0.629749
0.002463
0.432653
0.091639
0.159007
1.074074
0.067856
1.364467
1.026697
0.921533
0.681009
1.152686
0.223977
0.469005
0.016225
0.003814
0.483601
0.863469
3.029680
1.643190
0.049373
2.244163
0.453464
0.481606
0.156039
0.086439
0.541224
0.707543
1.720562
0.983195
0.191660
0.815330
1.547262
0.255808
0.311366
0.268297
3.222683
0.143229
0.900808
0.404016
1.161344
0.624336
0.222365
1.767472
0.693218
0.019985
0.221989
0.166316
0.349839
0.159926
0.932686
0.843975
0.441750
0.267978
0.907612
0.423748
1.314829
1.795272
1.144353
2.519028
0.322755
1.714243
0.468333
1.756234
0.864728
0.303927
0.295992
1.750512
0.594280
0.149088
0.780952
0.137309
0.056820
0.271254
1.342600
0.210077
1.792113
0.036985
0.370020
0.003857
1.048178
0.859406
1.380917
1.521599
2.145224
0.495918
0.411030
0.844138
0.598898
0.193632
0.509950
0.447200
1.977616
0.075923
1.167877
1.101743
2.207723
0.756303
1.099659
0.118227
1.861720
0.048001
0.842922
0.107599
0.234283
1.047066
0.435558
1.042904
0.223734
0.090678
0.383381
0.634229
1.493647
1.811497
0.427924
2.573096
0.745551
0.183262
0.630417
1.025125
1.295685
0.114539
3.235181
0.732761
0.004425
0.302508
1.606446
0.050359
0.336319
1.021074
0.122682
1.139062
0.801182
0.281308
1.496364
0.068175
0.193365
1.301056
0.829242
0.219693
0.448681
1.697259
0.171084
0.059951
0.621150
0.205239
1.032673
0.252368
0.188855
0.856237
2.888208
0.715307
3.049233
4.300558
1.253349
0.768149
0.418938
0.073937
0.676229
0.177827
0.753203
0.511522
0.732391
0.771591
0.738935
2.362174
0.726501
0.112530
1.941880
1.217832
0.412587
0.527899
0.743477
0.447464
0.996856
5.643591
0.048373
2.245731
4.148614
1.788867
0.560197
0.979575
0.565737
0.420436
0.152892
0.201933
0.583764
0.298368
0.209936
0.845215
0.299000
1.607075
0.082975
0.231699
0.497134
0.216945
1.632554
0.609896
0.057298
0.205348
1.079485
0.332633
0.320232
0.213013
0.011309
1.278027
0.354518
0.251735
0.100097
0.633585
1.208124
2.645026
2.427976
0.015658
0.616609
0.597736
0.717125
0.500421
2.362623
0.811109
0.515324
2.961254
0.656619
0.007338
0.887656
3.019439
0.952967
0.200528
1.639619
0.032771
1.689978
0.130390
1.656022
0.176937
0.142424
0.260869
0.631015
1.060647
0.646489
0.066243
2.645234
1.641308
0.411023
0.034533
0.473882
2.969087
2.769055
0.166437
0.197567
3.388497
0.372030
1.071782
2.379882
1.572863
1.468202
0.853608
1.484089
0.241361
2.110213
0.215627
0.118394
1.321396
4.281376
1.280696
0.878330
0.083873
0.676309
0.176997
0.700347
0.474503
0.136030
0.706761
1.410872
1.129073
0.135937
2.478728
2.419161
0.399832
3.426453
0.190205
0.460149
1.654740
0.080864
0.451274
0.008872
0.213943
0.396129
1.616304
0.883486
0.089713
1.432985
1.280617
0.329655
0.171271
1.194763
2.496348
0.222751
0.360390
0.363680
3.069222
0.047073
0.016890
0.180749
0.558591
3.039862
0.033684
1.437905
0.670796
1.988337
2.989296
1.138993
0.258801
2.171170
0.010741
3.976475
0.479926
0.283205
1.931108
0.621074
0.438614
0.327780
0.489038
0.256752
0.656724
0.515392
0.275851
0.005260
0.147903
1.367371
1.109769
2.316018
0.145361
2.349507
1.964439
0.387818
2.781052
3.711430
1.681525
0.732600
1.843606
0.150879
0.128184
0.134538
1.067963
2.900215
0.194456
0.132452
1.949644
1.894602
0.122443
0.030600
0.293455
0.286964
0.006699
0.141364
1.622443
0.059294
0.548245
1.134510
1.126842
0.333194
0.129146
0.499746
0.401672
0.534660
0.311257
0.580244
3.297971
0.007210
0.235153
1.701907
0.622891
1.378889
0.074214
4.135804
0.002261
1.388513
0.253472
1.119397
1.469961
1.193504
2.787266
0.226492
1.720290
0.865335
0.182273
0.221530
0.085454
2.095244
0.360938
0.383444
0.117095
1.462507
0.731193
0.206110
1.427274
0.691874
1.416120
1.101313
0.508042
0.396569
2.009915
0.179805
0.096457
1.761224
1.046597
2.340629
0.848957
6.498608
0.508114
0.058960
0.986846
0.260950
0.447899
0.413506
0.355566
0.654268
0.821597
0.065989
2.013438
0.384439
1.202923
0.382992
0.114413
0.359471
0.229718
0.326337
0.992803
1.021357
0.191328
1.099636
0.861485
0.159393
0.780879
0.052771
0.972554
0.277995
0.801082
2.498511
1.102777
0.735214
0.759311
0.256292
0.568888
0.050510
0.611054
3.103146
0.629339
1.226841
2.097126
0.751091
0.125167
4.155484
0.640002
0.502736
0.058236
1.156119
1.688976
0.683525
0.184234
1.102597
0.189131
0.383665
0.245608
0.673610
0.943976
0.735481
0.162521
0.240772
0.223207
0.642801
2.983987
0.959450
1.765765
0.085130
0.022516
0.707926
0.234758
0.363900
1.181663
0.088615
1.896612
0.478880
0.810855
0.039036
0.057738
1.006793
0.034700
0.911230
0.335771
0.321291
2.801505
1.789745
0.329803
0.437440
0.314151
0.114950
2.759666
0.947051
1.128102
0.496459
0.210519
0.896767
0.253683
2.202397
2.609780
3.096923
0.217685
0.315971
1.784894
0.563088
0.735399
1.126218
0.212629
0.559306
0.078499
0.028199
3.108185
1.152360
0.875283
0.206301
0.314941
2.268904
4.588487
0.925863
2.312748
0.451839
1.670875
1.171642
0.225157
2.292460
0.012775
0.281229
0.612182
2.503605
0.390548
0.104316
1.153768
0.997833
0.114954
1.051499
0.442006
0.491962
2.542034
1.607172
3.404080
1.089926
0.439748
0.420921
0.137540
0.063352
0.645233
0.156651
0.785381
0.214579
0.628791
2.055043
0.563497
2.326355
0.322241
0.130272
1.105794
0.511777
0.994120
0.777985
0.514998
0.406300
0.221152
4.273355
0.204569
0.556456
2.006309
1.524977
3.649444
0.878977
0.301349
1.822723
0.061282
2.567963
0.534341
1.031092
2.020419
0.658485
1.545319
1.641809
0.640249
2.179013
0.256822
0.153722
1.108188
1.564438
0.477575
0.027610
0.504793
0.229818
0.067163
0.162550
0.829657
0.429492
1.433867
0.223489
0.833288
0.281199
0.300438
0.146064
1.219437
0.297755
0.999357
1.049712
0.727026
0.976636
1.030839
0.092193
1.332786
0.657518
1.516360
0.105807
0.053314
0.936044
0.330374
3.778381
0.329070
0.539985
0.379634
0.736506
0.215135
2.905150
0.287990
2.267474
3.771245
0.371548
1.527574
2.040728
0.032648
3.180434
0.435625
0.372535
1.463899
0.164906
0.024928
3.103063
0.016011
0.914179
0.757269
0.490804
1.574721
1.524906
0.022143
0.866344
1.760005
0.443553
0.119666
0.768450
0.014958
0.435626
0.622551
0.217617
0.792507
1.582634
0.574873
0.703378
0.188871
0.007573
0.574611
0.259574
0.897985
0.095415
0.542200
0.653728
1.378104
0.048095
1.980204
0.150406
2.253832
1.503175
1.988935
2.337056
0.077762
0.404135
0.807839
0.362073
0.971625
1.838330
0.204793
0.344010
1.844591
0.360966
0.076609
1.236640
0.312334
0.787979
0.061274
0.749248
1.513523
0.529189
0.407412
1.321358
0.670245
0.579860
0.172417
1.022256
1.589386
0.000303
0.331978
0.949004
0.146280
1.759608
0.129878
0.251618
0.550321
0.133683
2.124002
0.635516
0.444241
0.848999
1.238340
0.707205
0.935359
1.029683
0.515677
0.295810
0.120572
0.978144
0.427361
2.759334
0.288614
1.373497
0.522077
0.151719
0.445334
0.889174
1.007012
0.384269
0.230468
0.152774
0.808497
1.025075
2.081898
0.605526
0.361493
1.442767
0.907386
1.162454
0.059970
1.560119
0.449886
0.999637
0.068345
0.000200
0.027460
0.070209
0.082232
1.777669
0.715432
0.057105
6.064493
0.507074
1.030983
0.977115
0.395236
1.572236
3.069500
0.474521
0.393724
0.494523
1.603871
0.627751
0.096395
0.009287
0.973815
0.144372
1.310066
0.824040
0.213409
0.063546
0.996953
0.157166
3.557503
0.648900
0.356487
1.467393
0.865334
0.967367
1.400028
0.541911
0.040378
0.156260
4.266734
0.880251
0.021686
0.144095
0.101524
0.266762
0.955691
2.358880
0.763244
0.622152
2.297194
0.126276
2.060765
0.926567
0.242225
1.313807
0.173046
0.806716
0.554760
0.102279
2.490833
0.195882
0.409566
0.911543
0.283385
0.089577
0.321458
0.425571
1.480120
0.708789
2.298852
0.135044
1.578963
3.829647
3.676201
0.320194
0.095266
1.299697
0.521908
0.919496
0.092610
2.993652
0.452805
3.031274
0.006949
0.313160
0.570282
0.414469
0.211376
3.533954
0.714923
2.484640
0.658657
1.388438
0.924097
0.133432
1.078382
1.239152
1.135601
0.608373
0.044877
1.595385
3.114333
0.062157
0.039193
0.508971
1.201918
0.537023
1.534724
1.909368
0.814700
0.862107
0.929483
0.417407
0.204870
2.170483
0.270436
1.576675
0.657005
1.210251
1.393751
1.931950
1.640030
0.357211
1.618015
1.830397
0.924338
0.199119
3.784875
1.443593
0.436353
0.324887
1.516763
0.969999
0.422165
2.136207
4.142235
1.021419
1.602899
0.817073
0.327394
1.442049
1.084299
1.915608
0.384844
2.512581
1.068210
1.249343
1.663406
0.546488
1.644438
1.994710
3.183737
0.823326
0.057342
0.248658
0.197768
0.136317
0.428238
0.797316
4.115060
0.077271
2.837826
0.712645
1.453191
1.583879
0.392734
1.091941
1.226226
0.359131
2.326906
1.922942
0.009951
1.735179
0.440226
2.840568
0.054212
1.665384
0.644962
0.291236
0.608934
1.617551
0.503254
0.547431
1.938510
1.652618
0.223823
0.644767
0.461176
0.191716
0.202414
0.106695
0.164719
0.492853
0.262410
1.162568
0.087653
0.246673
2.935736
0.760779
0.182906
1.549378
0.015352
0.327843
0.134211
0.477167
0.566522
2.230778
0.615888
2.065266
2.853508
0.041154
0.100850
1.496926
0.313470
0.560191
0.957279
0.501591
1.814069
0.024317
0.274034
0.057476
0.270230
3.841747
0.026206
0.706452
0.221648
1.216694
0.161111
1.225591
0.659794
2.962723
0.074374
0.667185
2.170913
0.662393
0.499276
2.313981
1.588641
1.369620
0.469143
0.357386
0.298157
3.274928
0.072758
0.130636
0.900922
1.934279
3.475792
0.844753
1.771466
0.406945
0.651986
1.318072
0.172916
1.090570
0.497480
0.041883
0.396145
1.215572
1.446691
1.038768
1.156436
0.415840
0.334070
0.457642
0.519086
0.355296
1.950372
1.085238
0.147868
0.128224
0.584711
0.912010
1.065546
0.501458
0.775652
0.836537
0.313538
1.473108
0.380334
0.126782
0.140956
0.940459
0.578732
1.677718
1.885173
0.238382
1.362960
1.032926
0.744251
4.883498
0.167654
0.490247
0.474716
0.282973
0.863464
1.741905
0.588200
0.076025
0.274285
1.143899
0.553535
0.042034
0.262630
0.679927
0.349762
0.207575
0.432076
0.105753
1.961173
0.348893
0.569724
0.662376
0.536589
2.292515
0.150948
0.613076
0.152512
0.056473
1.097215
0.366394
1.213203
0.602626
0.033879
0.075504
0.024345
0.771201
0.466878
0.310324
0.321315
0.508825
1.802012
1.999677
1.563196
1.232943
0.115474
0.418377
1.551563
0.204493
1.162844
0.103599
1.518169
0.268931
0.268575
3.008083
0.105293
2.070261
0.314477
0.295207
0.140391
0.053423
0.428558
0.528959
0.337935
0.006249
1.995440
1.663399
0.892804
0.131978
0.146235
0.597599
0.169687
0.297508
0.222754
1.320617
0.993120
0.209263
2.662020
0.833395
1.418274
1.000949
0.560333
0.570927
0.501512
0.063631
2.567250
0.380137
0.051429
0.098804
0.435399
1.129267
0.623608
0.361615
2.128658
0.063841
0.281158
1.937671
0.568984
0.563750
0.075144
0.817807
1.172449
1.640631
0.108380
0.762390
1.523153
2.004123
0.088020
0.140503
2.126886
0.433565
0.496046
1.188998
0.221594
0.142692
0.738475
0.864803
2.461646
0.096250
0.933089
0.119516
0.787204
0.928225
0.485236
0.451582
0.480761
1.556376
1.705183
0.539872
1.226788
0.515188
0.522838
0.876907
0.843404
0.549958
0.585267
1.780809
0.363179
0.887431
0.136914
3.423048
0.040051
1.364420
0.163889
0.968214
0.004072
0.356297
0.037861
0.493159
0.868628
0.015711
0.717578
0.462355
1.853704
0.452569
0.025094
0.247170
1.870916
0.599114
0.445637
0.339050
0.306284
0.134934
0.751451
0.135705
0.137121
0.141804
0.243386
2.021158
0.199000
0.028032
2.692655
0.605448
3.155417
1.394438
0.570866
0.502901
0.000444
0.490320
0.245306
0.428794
1.758281
0.868405
2.567762
1.317636
1.726786
0.103616
0.648000
1.556071
1.350361
1.539110
0.503490
0.124526
0.662609
0.754767
1.293327
0.412129
2.049659
1.883916
1.241936
1.228590
4.118619
0.086002
0.387505
0.524894
0.493165
1.015044
0.520483
0.425349
0.025732
0.044182
0.602447
0.350574
0.236418
0.017782
0.072179
0.178139
0.580151
0.236519
0.554029
1.216416
0.070729
0.890823
1.271780
2.114844
4.614861
0.186195
0.040038
0.941463
0.706281
2.125487
0.814156
1.554560
0.010010
0.571629
0.199087
0.180267
0.067322
2.621178
0.447249
1.435197
1.338470
1.485366
0.324088
1.314163
0.545571
2.454278
1.027169
2.052929
2.759349
0.397975
0.397154
0.002583
1.609108
0.865144
0.161676
0.876577
2.576356
2.339275
4.238539
0.369760
0.259613
0.002878
0.139327
0.267677
0.887126
0.005669
2.384031
0.940200
1.753728
0.301345
0.667114
2.207707
0.104649
0.073075
0.145879
0.204203
0.176617
0.028553
0.153562
0.521806
0.347906
0.532605
0.627398
1.105864
0.777833
3.181638
2.607147
2.061263
0.664144
0.250849
0.541665
0.608882
0.649323
2.527388
0.998928
2.474653
0.147213
0.919312
0.277233
0.016568
0.003848
0.416906
0.183095
0.356752
0.038928
0.026915
0.256148
1.162473
0.592398
1.152023
2.226634
0.622620
0.796318
0.200334
0.389526
1.242240
1.387682
0.140399
0.193965
0.557394
0.535046
0.857448
1.810911
0.255041
0.089939
0.083051
0.336878
0.415523
0.117146
1.604063
0.402167
0.258150
0.300141
1.935461
0.892619
1.491876
0.119714
0.164879
0.469631
0.561124
0.132158
0.197386
0.074421
0.067939
0.150451
0.251626
0.322885
0.828671
6.080437
0.766840
0.586752
0.439480
0.103493
0.970698
0.545097
0.968750
0.451814
0.214805
0.365134
0.146580
0.281323
2.740180
0.196201
0.820085
2.341332
0.463398
0.349667
0.102296
0.128019
2.370402
0.572046
0.353147
0.039702
1.112167
0.129628
0.621936
1.264191
1.459905
1.761543
0.267895
0.152695
0.113877
0.344177
0.376217
0.196837
0.116625
0.483456
0.490979
0.128484
1.544866
0.083731
0.442829
0.438856
0.450639
0.867032
0.653574
0.829629
1.185694
0.088091
3.028859
0.666769
1.263438
0.200324
0.576445
1.329042
0.343966
0.733573
1.853305
0.676520
0.668175
1.080920
2.291288
0.271620
3.297233
1.214090
0.449626
0.168242
0.270478
0.469937
1.102711
0.465776
0.049646
0.076634
2.522157
0.074571
2.098077
2.206465
0.849394
0.969532
1.729246
1.626644
1.123404
1.261996
2.301576
0.248859
0.474686
1.256579
1.035569
0.461373
5.323209
0.042765
0.187383
0.143723
0.372624
2.509314
4.283072
1.326420
0.491250
2.384196
0.363742
0.693112
1.137008
0.386672
1.105901
2.231385
0.388344
1.339865
0.066584
2.142572
0.568011
0.397259
2.859120
0.087258
0.652070
2.785139
0.426537
0.274484
0.550921
0.983710
0.275468
2.591905
2.224344
1.380660
0.674984
0.496072
0.242758
0.389344
0.564184
0.362319
0.659766
0.010476
1.478188
1.280981
1.390820
0.093805
0.286508
0.228215
0.748957
2.958200
0.398588
1.620256
0.035758
1.000296
0.442991
0.392324
0.975530
1.675443
2.439679
0.473028
0.640368
0.551703
0.049269
0.732533
1.221333
2.268890
0.214975
0.733193
1.428653
0.200863
0.294323
0.485815
1.026163
1.694383
0.311239
0.835752
2.933898
2.724951
1.571077
0.479382
1.084390
0.591307
0.650632
0.400381
4.395386
1.248533
0.706089
0.028577
0.351370
1.770685
0.085621
1.942055
0.523905
0.080517
0.572985
1.419953
0.046135
0.613427
1.052515
0.515551
0.313851
0.841275
0.707139
0.113993
2.007989
1.732419
0.687223
2.270147
0.864805
0.030659
2.558603
0.988626
0.147864
0.019852
1.254465
0.431490
0.127923
0.998364
0.728892
1.571575
0.829586
0.538759
0.357578
4.319427
2.723019
0.059582
4.284129
1.285863
0.261519
1.376024
0.944106
0.890928
1.847361
0.323667
1.527193
0.753213
0.427281
3.224517
0.070796
0.797358
1.665110
0.058161
1.768002
0.673618
0.725098
0.335318
1.314174
0.139654
0.597568
0.412431
0.713987
0.208018
0.702809
0.012807
0.883730
0.800590
0.139955
0.342043
0.524256
1.620662
4.304598
0.806441
1.381211
0.416263
2.106428
2.638969
4.490974
0.865831
0.078834
0.218697
0.226922
0.846561
0.384192
0.511124
1.304342
0.090936
0.026719
0.239259
0.934984
0.247056
2.368543
0.677590
0.716684
0.642195
0.057146
0.912526
0.794644
1.112519
0.365562
1.975736
0.496065
1.319827
0.001337
0.783365
2.391070
0.177089
0.001790
0.015222
0.409969
1.560320
0.221716
0.967980
1.452341
0.251124
2.001689
0.795192
0.483058
0.429498
0.168868
1.618288
1.529670
0.209642
0.053200
0.143467
0.449362
0.402125
2.485098
1.299734
0.166209
2.008724
2.916725
2.882691
0.623456
0.932355
2.139016
0.181632
5.404872
0.305651
0.387363
0.249781
1.097514
1.183365
0.233810
0.221028
4.722277
1.477365
0.281796
1.506187
1.093501
0.506299
2.544825
1.201612
0.295594
2.182090
0.401282
1.374899
0.606273
0.476245
0.202992
0.648546
0.678865
0.341244
0.238204
0.698393
0.495531
0.706721
1.289882
2.396742
0.646778
0.826780
0.089455
0.203794
0.445921
0.709070
0.213296
0.671027
1.231656
1.132846
1.727646
0.832132
1.256184
0.919709
0.100032
0.909518
1.019762
0.313269
1.428905
0.412305
1.741403
1.888831
0.492884
1.428493
0.254622
0.190000
1.738131
0.080407
1.031733
1.214905
0.610226
0.266092
0.030743
0.450720
0.462040
0.561718
0.205702
0.302444
0.237988
0.138888
0.369557
1.865329
1.856403
0.699512
1.016858
0.849109
0.785055
0.540373
1.008358
0.421687
0.338161
0.232093
0.451303
1.228131
0.035023
1.354752
1.445023
1.029040
0.969542
0.131939
0.389908
0.139796
0.625020
0.533157
0.458391
3.706474
0.485146
1.809142
0.345094
0.208568
0.439445
0.459640
0.642504
0.085055
0.913186
3.070422
0.107492
1.505224
0.430305
0.106670
1.327712
3.114563
1.164240
1.451785
1.674395
1.543655
0.565974
0.593636
0.076847
1.262695
2.130706
2.772568
2.657596
0.553828
1.266787
0.435659
1.705144
0.188304
0.056963
0.197118
0.296066
0.177129
0.619200
1.222633
0.675086
2.219524
0.151836
0.009181
0.330827
1.065784
0.183523
0.021823
0.307499
2.047589
0.302139
0.168500
0.318901
0.639489
1.425065
0.990423
1.807396
0.535681
0.213810
0.194525
0.048161
0.837982
0.357394
0.396667
0.434766
0.040626
0.452829
0.153964
0.150539
2.033929
0.179470
1.063628
0.556292
0.380617
3.175151
0.652061
2.291109
0.220950
0.706164
0.248708
1.450798
0.058785
0.246879
2.631584
0.689224
0.560844
0.366433
3.390146
3.247122
0.609242
0.602320
0.128119
0.498157
0.186401
0.740205
0.426955
1.862570
1.004381
1.462693
1.077242
0.251038
0.595735
0.374070
0.530156
0.073812
1.768103
3.042620
2.571482
0.153972
0.048954
0.575643
1.731660
0.846784
0.928199
0.039135
0.031849
2.459249
0.583922
0.552337
0.566345
0.504832
0.468472
0.098569
0.301790
0.235391
0.100329
0.505125
0.982547
2.128739
1.263562
1.432914
0.329532
0.897343
0.134513
0.337811
0.335774
0.795879
3.833074
0.032636
0.197088
0.562194
1.157135
1.652015
0.226724
0.003039
2.452458
0.105784
0.500369
0.261703
0.135755
1.083508
0.632391
0.422524
0.378598
2.132555
1.803478
0.048476
1.651518
0.160610
0.234600
0.588874
0.875244
0.710536
0.104353
3.526835
1.287830
0.854061
3.253011
5.478211
0.800651
0.514208
0.918079
1.216656
0.028371
1.081301
0.587283
0.824015
0.127880
0.041001
0.695026
0.323020
1.481056
3.138431
0.763981
2.291063
0.267540
0.385907
0.364617
0.409350
0.031050
0.501536
0.617703
3.255718
0.417817
0.262613
2.961249
1.269533
0.061515
0.270524
0.311638
1.336148
0.312791
2.310405
1.103681
1.813929
1.689515
1.006229
0.680322
2.163129
0.199820
0.763164
0.665994
0.303144
0.729300
0.230374
0.960153
0.141322
1.142472
0.897589
2.905900
0.902732
1.112087
0.837790
1.354451
0.989513
3.014457
1.944569
1.301179
0.046793
0.071600
1.380076
2.074739
0.187079
1.643141
0.004435
0.499441
0.254001
2.118470
0.107487
0.421989
1.669785
0.826600
1.735578
0.666891
0.088832
0.344923
0.899936
0.567469
4.886537
0.742336
0.510685
0.827617
0.424438
0.379725
0.312329
0.457314
2.896575
0.414720
1.661672
0.471313
0.503293
2.300576
1.056395
0.361243
0.136817
2.204816
0.338589
1.329931
1.947048
0.419601
0.405244
0.075139
1.254431
0.127174
0.932544
0.033224
0.137314
1.188067
0.276493
0.037265
0.122903
0.246911
3.699237
0.213065
0.154190
0.199826
0.419361
0.335479
0.810362
0.554797
0.768224
1.190555
0.887443
0.028932
0.136666
0.970256
0.647475
0.215060
2.057401
0.830876
0.668889
0.648680
2.215629
1.113180
1.186471
1.061097
0.736777
0.563895
0.779883
2.113932
0.749160
0.101171
0.321058
1.362208
0.244116
0.207133
0.177642
1.256443
1.259738
1.984751
0.902184
1.577509
0.236529
0.924850
0.602192
1.054289
2.128934
0.149798
3.044316
0.890729
0.111607
0.529794
1.001602
2.827570
1.473714
0.913219
1.326689
0.257995
2.054996
0.171422
0.844978
0.063591
1.759914
0.081436
1.603745
1.074280
0.660720
0.323567
1.008527
0.707976
0.915240
0.341039
0.143447
0.623852
1.083637
0.170580
1.343120
0.861536
0.000607
0.064466
0.698401
2.290251
0.044293
1.809180
0.939420
0.686873
0.553905
0.752983
3.414791
0.016032
0.395905
0.075399
0.059885
0.175437
0.767016
0.774425
0.193710
0.997054
2.593779
0.599931
0.384792
1.755554
2.173793
0.607327
0.097815
1.794901
0.699483
0.175120
2.206296
0.092137
0.320958
2.080102
0.872748
0.762606
0.693879
0.771932
0.782809
0.521445
1.272891
0.520564
1.385332
0.684669
0.801177
0.326078
0.282702
1.637901
1.582709
3.987414
0.031042
1.830363
1.134964
0.605343
2.587023
1.544965
1.179314
1.136767
0.988117
2.798885
0.776158
0.515046
0.251708
0.699904
0.068147
1.009306
0.263476
1.031040
1.314672
0.372460
2.242027
0.432303
0.126838
3.200763
0.352476
0.470028
0.076269
0.785627
3.325452
0.513009
0.450876
0.761304
1.326374
0.862955
1.273154
0.128738
1.692741
5.029891
0.016266
0.926733
0.049615
0.523079
0.382124
1.537644
0.355866
1.461174
1.079064
2.916497
1.164369
0.876901
0.217006
0.200965
0.443750
1.337280
1.109408
0.294369
0.158593
0.997730
1.309416
0.842379
0.065624
0.866840
0.761280
0.707373
0.251381
0.623206
0.537941
0.708646
0.107728
3.175245
0.353360
1.128632
0.426408
0.228482
0.090660
0.539252
0.106850
1.302943
4.326801
0.261044
0.649835
0.324117
0.018057
0.834756
1.029225
0.436548
0.507902
0.626678
0.536007
0.581260
0.266767
1.206601
1.390814
0.774393
0.063309
0.117363
0.436413
0.113490
0.280055
1.720696
0.086895
0.379697
0.447870
1.011120
2.488007
1.234658
0.930900
0.922849
0.459950
0.272733
1.012436
0.438082
0.014121
1.016200
0.693978
0.068474
0.465937
0.102130
1.329141
2.179797
2.798008
0.557716
0.466136
0.469125
0.023439
0.296573
1.347432
0.599646
0.487833
1.350095
0.174340
0.188590
0.424839
0.300500
2.404673
2.757386
0.714248
0.479782
0.142213
3.666189
0.317279
0.945051
0.791877
0.028676
0.667072
0.313246
0.601743
2.490670
1.213325
1.356234
1.256160
0.435034
1.091256
0.611414
1.516491
1.370458
0.490202
0.314577
1.917152
0.383590
0.377089
0.252697
2.587603
1.629716
0.089147
0.151087
0.341765
0.807798
7.069056
0.578247
0.437542
0.706741
0.240537
0.670747
0.718815
2.238560
0.485886
0.438624
2.884502
0.007629
1.737679
0.762675
0.743679
0.342167
1.420967
1.931843
1.849177
0.893195
0.221856
0.517230
0.174927
0.754877
1.150807
0.318268
2.032652
0.575652
1.319082
0.673567
1.931114
1.777459
0.919198
0.246869
0.065810
1.747692
0.354284
0.958724
0.847553
0.223080
1.338313
0.158494
1.554858
0.052629
0.396907
1.809298
0.866519
0.326787
0.038106
0.532661
3.681888
1.235113
0.171578
0.739406
1.489731
1.027314
0.620926
1.155867
0.329872
0.155137
0.991587
0.680451
1.174721
1.547952
1.276076
0.504738
0.249656
3.433207
0.406310
2.483218
0.391005
1.123619
0.410889
1.015631
0.978008
1.043931
0.039539
0.758767
2.294888
0.657543
0.437630
0.090831
0.002011
0.002058
0.177564
0.103949
0.420334
0.645745
0.460782
0.518332
0.839933
0.652155
0.286201
0.587158
0.180991
0.967222
4.414293
0.940598
0.072793
2.485004
0.158278
0.228731
0.304600
1.723713
2.123114
0.045450
0.830294
0.005705
1.070328
0.011336
2.190392
0.525412
0.191505
0.424742
0.145510
0.372984
0.866278
0.103052
1.502444
0.861225
0.372982
0.494155
1.152435
0.162737
0.625606
0.568509
1.919030
0.077473
0.217894
0.826038
0.135957
0.257270
0.246429
1.762575
0.403160
0.664654
0.763400
0.198427
0.029451
0.093551
0.476499
1.772495
1.504872
0.633491
0.234910
0.052106
0.166596
1.416196
0.983812
0.508154
0.696592
0.281876
1.250547
2.056808
1.393957
0.694046
0.314850
0.243192
0.709670
0.360016
0.731272
1.211843
0.479827
0.708576
0.822050
2.159197
1.353033
0.686857
0.026169
0.583543
0.206080
0.093719
0.521766
0.899010
2.415056
0.613169
0.721886
1.269077
0.533999
1.023061
0.192464
1.266812
0.949094
0.908410
0.835436
1.881414
0.006796
1.505064
0.991607
0.439604
1.470837
0.633189
0.288115
0.751035
1.314332
0.736811
0.541716
0.430743
0.451988
0.051088
0.056115
0.392895
1.169034
0.554034
0.571674
0.034613
3.286488
0.190889
0.348926
2.199718
0.320362
2.492430
1.186202
0.257482
1.088918
0.153844
1.983582
0.799219
1.037365
1.857569
0.422343
0.101950
1.053579
0.497804
0.496490
1.525998
0.227634
0.175083
0.814655
0.872894
0.566405
0.097346
0.461412
1.813218
1.260836
0.191210
1.025542
0.766710
2.552093
0.398320
0.813836
0.697932
1.503940
0.802112
0.243881
0.438038
0.855491
0.279198
0.159190
2.906311
1.379384
0.214459
0.380593
0.178615
5.098363
0.309208
0.110288
1.626898
0.938434
0.013443
0.305845
0.141858
0.779893
0.842844
0.714810
0.118166
0.962386
0.203095
0.880798
1.427741
1.136672
0.834410
0.174557
0.965937
0.190200
2.802698
1.995651
0.105662
0.785788
2.193488
0.282558
0.002360
0.913663
1.133534
1.886683
0.325211
0.697334
0.466176
0.343204
0.130328
1.916174
0.840549
0.156572
0.556480
0.435588
0.088317
0.525571
0.116882
0.186319
2.573692
1.773115
1.508249
1.221933
0.319190
0.397596
1.083790
0.998888
1.660539
1.259297
0.697742
0.928211
1.558731
0.507678
0.273427
0.687631
2.152179
0.895552
0.243149
0.983491
1.452589
0.976458
1.395697
0.048167
1.277704
2.585697
1.774172
1.096104
0.054302
0.981088
0.053270
4.300035
0.033630
0.393547
1.722292
0.166656
0.179200
0.186900
1.505013
0.931208
0.039902
0.852630
0.854852
0.888725
1.876428
1.023640
0.613305
0.888202
0.701184
0.246781
3.209109
0.247507
0.102772
0.353795
0.174903
2.118628
0.651928
0.439649
0.393147
2.230856
0.376052
0.518305
0.577274
1.158195
0.160871
0.056645
1.091668
0.358778
0.756897
0.028418
0.150452
0.196927
1.579921
0.846983
0.567081
0.230965
0.055324
0.858776
0.161679
0.543433
0.785224
2.000254
0.000924
0.042776
0.871707
0.068901
1.099669
0.463163
1.998375
1.416076
1.049651
1.546542
0.372792
0.097229
0.443449
0.342797
0.821410
0.203058
3.402796
4.486231
1.076748
0.934282
0.806580
0.328428
0.312365
0.632667
0.157836
0.166334
2.181208
0.752311
0.964975
1.055073
0.760074
0.515058
1.417896
2.913348
0.090881
0.515883
0.717322
0.653868
0.558044
1.209478
0.987642
1.477980
0.765066
0.191975
3.629618
1.108453
1.780206
0.342910
2.658839
0.113325
0.113601
0.047451
0.729690
0.395327
2.030791
0.100534
2.027286
0.053949
0.357378
0.517954
1.550767
0.551583
0.121946
0.682352
0.108287
0.810120
2.415825
0.076362
0.503343
0.638815
0.080657
0.395962
2.634653
0.165935
0.771838
0.622539
0.942310
1.607531
0.638000
1.301000
2.358666
1.253111
0.566702
0.210895
1.378326
0.192359
0.057757
0.291966
0.012473
0.524689
0.535589
0.989845
0.210357
1.930099
0.324489
0.079916
1.553893
0.680781
0.969294
0.168235
0.165787
0.215835
0.492959
0.262299
1.337511
0.149837
0.733405
2.491135
0.358139
1.295125
2.390935
1.340040
1.246508
0.236309
0.899974
0.052706
0.230258
1.017213
0.500396
0.004035
0.030907
1.041694
0.827944
1.458523
0.521114
1.193647
2.411473
0.142637
0.407586
1.734998
1.275801
0.745441
1.621385
3.419366
0.735638
0.294808
0.627618
0.306050
0.312546
0.671485
0.057511
0.050854
0.416328
0.109564
0.631191
0.288975
1.114440
0.051518
3.619634
0.372147
0.385886
1.314533
3.349378
0.606309
1.286370
0.062995
0.472241
0.571253
1.582183
0.479325
0.512977
0.548887
0.648217
0.076895
0.637793
0.430105
0.201815
0.870924
0.034439
0.138915
3.805003
0.391165
1.451750
3.202751
1.747189
1.427905
0.088652
1.730674
0.248161
4.584107
0.016096
1.007352
0.513162
0.277652
0.375071
1.139734
0.078206
1.230494
0.281643
0.499060
2.685257
5.770149
1.583614
1.609114
0.417833
0.867082
1.300362
0.242605
1.114732
0.173341
0.993206
2.869081
2.809527
1.707883
0.193087
0.893254
0.236286
0.480999
1.184863
0.140052
1.009564
0.565050
1.600257
0.817978
1.737952
2.621079
1.453852
1.118939
0.094918
0.187034
0.058499
0.762735
0.220084
0.344990
0.446554
0.169378
0.310931
0.294710
1.921198
0.233272
0.114425
2.665491
0.138156
2.391275
0.389937
0.817959
0.806464
2.088314
0.667989
0.085213
0.512392
0.372445
0.671082
0.699609
3.360143
0.659638
0.302652
0.654353
0.350659
0.144937
0.095035
0.972340
0.148137
0.226496
0.324228
0.493219
2.128526
0.275326
0.890575
0.881305
1.820280
0.921874
2.384033
0.526007
0.052291
0.739541
0.000228
2.566536
0.318307
0.625814
0.927282
0.107667
0.405689
0.410803
2.765818
0.146551
1.527233
0.998532
1.172626
1.484244
0.604083
2.890472
0.713835
0.390934
0.051553
0.112581
0.618371
1.043962
0.088133
0.056772
1.183979
0.067560
0.010125
0.812826
3.474307
0.856754
2.928623
0.236289
1.138448
0.727181
0.468601
0.784868
1.069059
0.153179
1.006552
1.669799
0.051838
0.026776
2.313406
0.983790
0.541277
0.032051
1.098157
1.431633
0.433838
0.936725
1.309691
0.034898
0.669446
0.183334
0.855592
0.298260
0.113758
0.772521
0.183764
0.809364
0.585938
1.287946
0.263979
1.869993
0.728815
1.514688
1.018491
0.128078
0.235817
0.368916
0.522332
0.385538
1.308096
1.128075
0.010218
2.288285
1.186070
0.761638
1.656898
0.013101
0.711911
1.256412
2.031098
0.313776
2.714320
0.882941
3.862246
0.721201
2.101296
0.774464
0.631218
1.775074
1.057269
0.723612
0.622968
0.574999
0.380259
0.472258
1.022822
0.093554
1.552128
1.481915
0.207993
1.090032
0.831602
0.797044
0.055335
4.568429
0.225243
1.868812
4.019498
1.405411
0.425612
0.047637
0.047213
1.292069
1.874481
1.924509
1.249329
0.292774
1.878127
0.779884
1.078099
0.098244
1.715782
0.384941
0.566000
1.176690
0.489293
1.099938
2.032778
2.469903
0.024108
1.244800
3.576758
1.804793
0.989000
0.182489
0.075938
0.819324
1.234543
0.851802
0.023988
0.190486
1.730201
0.056516
0.457497
0.282724
0.492911
2.278042
1.982898
0.541210
0.064892
0.209740
0.028075
0.477713
1.644530
0.521309
0.176328
0.191368
0.087669
1.068023
0.404398
2.301611
1.026443
0.678802
0.734070
0.006836
0.294465
0.400740
0.025525
4.253033
0.498486
0.414559
1.004883
1.544317
0.559274
1.123437
1.225417
0.105248
1.190597
1.293746
1.892235
0.211486
0.377292
0.507914
1.096980
1.346321
0.053746
0.088923
0.335450
2.673257
1.479051
0.403473
0.078123
0.329189
0.525766
0.161201
0.764413
0.685876
0.199183
3.059886
0.357605
0.818714
0.786652
0.475265
4.874346
0.960282
0.427601
0.759086
0.428338
0.297825
0.396773
1.620292
0.135804
0.695965
0.318518
1.778714
0.089602
0.601377
0.388013
0.454497
1.541229
0.971545
0.079872
3.196272
2.297863
0.055583
0.151297
0.780984
2.940630
0.182377
0.064255
0.450126
0.193236
0.448121
0.394855
0.797118
0.172125
0.470127
2.429194
0.239300
1.215103
0.422837
0.851283
0.007311
1.444270
1.071470
0.305282
1.301700
0.280293
2.280587
0.207408
1.295695
0.035691
1.326104
0.109798
1.008506
0.047502
0.944743
0.619897
0.600326
0.861975
0.230633
1.028100
0.482704
0.048731
3.476205
2.557184
0.041336
0.629600
0.951866
0.190597
0.889062
0.158305
0.216346
0.017174
0.891058
3.717051
0.467547
0.412807
0.365198
0.147628
0.350731
1.050726
0.897700
0.352121
0.543411
1.810512
0.159407
2.253625
1.161264
0.601490
2.371950
1.761238
0.187853
0.875637
0.477396
1.603605
0.104559
0.654150
0.040420
1.251185
0.219581
0.723198
1.083412
1.536012
0.490944
0.366969
2.164680
2.204581
0.462070
2.011224
2.198379
0.282251
1.733186
0.011853
0.532323
0.049213
0.752966
1.422883
1.067153
0.721288
0.029916
0.165940
2.744418
0.974597
0.556121
0.010432
0.715957
1.662808
0.230346
0.682929
0.642416
0.928877
0.806979
1.586099
3.133027
1.094730
1.117328
0.601011
0.365599
1.151473
0.215223
0.252017
0.958653
2.013809
0.162523
0.322422
0.073798
0.210231
2.460294
0.070474
1.258144
1.343899
0.268545
0.403289
0.136755
0.790956
0.245831
0.069830
0.676863
0.171850
0.055898
0.699683
0.039896
5.231211
0.732150
0.793251
0.583933
0.484457
0.807124
0.107398
1.116841
1.760070
0.630812
1.233179
1.260965
0.977111
0.269120
1.213934
0.301282
1.464346
0.316971
0.641129
0.631330
0.854107
0.106089
0.060528
2.101005
0.336408
3.698663
0.923535
0.419082
0.773011
1.098711
6.369341
1.827627
2.018100
6.734331
1.229123
0.631148
0.229302
1.847818
0.262614
0.481769
0.959373
0.170873
0.107796
1.143657
0.518248
1.162574
1.279842
3.625555
0.386213
0.114647
0.339505
3.049769
0.161570
1.204478
0.535489
1.436194
1.769747
0.620688
0.746268
0.349380
0.092698
0.093558
0.251330
0.249987
2.736171
0.040863
1.640390
0.057352
3.830773
1.039023
0.327149
0.876794
1.197254
1.595408
0.142191
2.301551
1.246445
2.278798
0.066042
2.476181
1.360043
0.174452
1.309297
1.110061
0.515267
1.024761
0.275183
0.158029
0.468057
1.724613
0.184399
0.245880
0.562470
0.858882
2.320022
0.848711
0.297857
0.352624
1.016773
2.333217
2.428849
0.767484
0.297998
1.686552
0.195418
2.044666
0.298098
0.138070
0.023434
0.515950
0.387858
1.139096
1.779424
0.502710
2.475813
4.803008
0.399316
0.172212
0.063875
0.273553
0.368106
4.289125
0.327653
0.152193
2.670303
0.826622
0.934315
1.494923
0.563845
1.351533
0.854827
0.082575
0.007429
1.314675
0.014639
1.336201
0.414855
2.211327
0.040681
0.045807
2.155206
0.201556
1.311987
0.192995
0.765419
0.199180
0.682368
1.172025
0.754634
1.778993
0.339439
0.708919
0.887574
2.301208
0.973933
0.021064
0.585815
0.011823
0.346848
2.099649
0.400156
0.477074
2.310284
1.095637
0.103835
3.901734
0.964500
1.890001
1.572102
4.539516
0.163819
0.065517
0.019038
0.631088
0.000216
1.267624
0.130298
1.408952
0.326043
0.581730
0.057122
0.145587
0.000811
0.815588
0.033977
0.111480
0.442737
3.039020
0.668221
0.786173
0.330912
0.006163
0.020468
0.681018
3.644310
0.910818
0.293567
0.407140
2.870086
0.215788
2.083559
0.504156
1.152442
0.628096
0.045522
0.124706
1.488791
0.881561
0.928998
2.487478
1.720067
0.454139
2.616236
0.614593
0.821624
0.145812
1.084093
0.259514
0.055871
0.684342
0.066966
2.484503
3.371289
1.252660
0.153808
0.601859
0.422154
1.969239
1.297091
0.317820
1.755320
0.170122
0.323520
0.026564
0.250755
1.214507
0.072257
0.315036
1.503049
0.093615
2.491460
0.224465
1.294451
0.403728
0.537527
0.350987
0.710522
0.532393
0.512845
0.671418
0.106915
0.822154
0.266596
0.563156
0.428685
0.092256
0.365508
0.883812
0.009489
0.171740
2.244588
0.506852
0.027228
1.184065
1.041501
0.820506
0.036433
6.386030
0.024525
0.952444
0.539833
1.660067
0.679443
0.542086
1.126511
0.072492
1.165178
2.181300
0.501254
0.609779
0.505265
0.447106
0.887636
0.759723
1.154336
0.922164
0.096966
1.306506
0.710253
0.151471
2.460378
0.218000
1.222695
0.378802
1.169586
0.916045
0.097949
0.815127
0.936085
0.611035
2.474763
0.034620
0.972749
0.092430
0.611162
0.153813
1.776969
0.390236
0.352089
0.184804
0.803849
0.216587
0.879580
0.698115
0.103569
0.152954
0.116148
0.040750
1.046342
0.662102
0.895634
0.786758
1.576683
1.030031
2.553485
1.019029
1.201305
0.731802
0.110177
0.736138
0.255449
0.486564
0.824751
0.163215
0.358020
1.437050
1.774871
1.266447
0.168010
0.413603
1.750314
1.736527
0.973688
2.093259
2.072160
1.409376
2.352606
0.488321
1.904696
0.152971
0.794111
0.884157
0.590508
0.282965
0.925639
0.633420
0.754972
1.263844
0.626400
0.592510
1.258579
1.846258
1.268517
1.666862
1.111706
3.624358
0.258221
0.134438
0.165637
1.075283
0.088899
0.052831
2.140986
0.740953
0.051051
0.620394
0.561713
0.022036
0.610245
0.299850
1.180400
0.586357
1.660543
0.334860
0.897265
1.725602
2.599156
0.241305
4.517188
0.064361
3.082574
1.140373
0.307215
1.426408
0.096100
1.301129
0.132439
0.398769
0.156217
1.220629
3.346584
0.099592
5.334206
0.197141
0.241625
0.904448
0.037905
0.363634
1.879939
0.426436
0.408729
0.849327
1.103341
1.271919
0.567584
1.032974
0.363548
1.359473
0.017373
0.642514
0.124160
