0.072146
0.940078
0.721484
0.147232
0.342029
0.298456
0.527192
0.777293
0.049281
0.014379
0.903229
0.283493
0.718331
0.001054
0.294743
0.639240
0.129879
1.452678
1.158481
0.015534
0.012888
0.389802
1.399665
0.239990
0.122056
0.274192
0.014735
0.125316
0.288027
0.342403
0.132689
0.131245
0.123450
0.307726
0.171091
0.010862
0.908779
0.406477
0.514022
0.102840
2.449329
0.982865
0.064423
0.202254
0.639141
0.620996
1.377890
0.274183
0.886083
0.554795
0.180749
0.442857
1.070569
0.936043
0.351886
0.444584
0.017568
0.139024
0.798271
0.267486
0.094980
0.397921
0.607080
0.561175
0.234764
0.288983
0.355072
0.753537
0.367963
0.249823
0.336372
0.015011
0.022231
0.607655
2.042823
0.449697
0.250107
0.093375
0.348817
2.010825
0.735977
0.387849
0.984092
0.132097
0.360538
1.523170
0.431132
0.307290
0.156862
0.397032
1.574632
0.002863
0.765441
0.858751
1.086567
0.674506
0.828107
0.365610
0.412036
0.277642
0.028880
1.020149
0.421984
0.111471
0.351316
0.331721
0.220642
0.212384
0.386614
0.488405
0.473958
0.306380
0.014187
0.130426
0.097528
0.439089
0.986673
0.800831
0.797515
0.847600
0.147383
0.921773
0.559071
0.043452
0.008416
0.007334
0.704447
0.143547
0.057980
0.490151
0.211120
0.036025
0.086954
0.374732
0.092049
0.159356
0.621686
0.303211
0.194305
0.321009
0.011959
0.244334
0.273156
0.104152
0.057572
1.150386
0.356793
0.117286
0.465256
0.849243
0.010519
0.009013
0.079182
0.634408
0.087312
0.609722
0.566875
0.393402
0.124615
1.856474
0.799276
0.363455
0.126283
0.522782
0.251179
0.428829
0.193748
0.498409
0.030292
0.177343
1.719501
1.041862
0.182920
0.977779
0.185795
1.400811
0.680981
0.269075
0.145416
0.004258
1.054818
0.019327
0.855774
1.637738
0.422311
0.094080
1.011648
1.820526
0.608737
0.355527
0.237383
0.213036
0.115186
0.560664
0.283654
0.107909
0.055144
0.548244
0.175540
0.346374
0.196777
1.026386
1.149686
0.009129
0.112105
0.198556
2.173319
0.763239
0.207073
0.119782
0.561127
0.909158
1.345504
0.210683
1.070204
0.580952
0.331308
2.117087
0.133705
0.646339
0.044241
0.092981
1.209491
0.119743
0.711720
0.458406
0.919841
0.229518
0.207974
0.172102
1.010284
0.463148
1.542910
1.091358
0.072713
0.400556
0.055061
0.019962
0.038005
1.005586
0.775859
0.881603
0.208438
0.477498
0.761409
0.237439
0.422895
0.126617
0.042639
0.155116
1.107141
0.415569
1.295582
0.306032
0.162299
0.773266
0.879457
0.006230
0.554955
0.048081
0.061142
1.081673
0.020423
0.136977
2.218072
0.273238
0.061399
0.091591
0.138154
0.681301
0.054257
1.208238
0.237631
1.757699
1.199673
0.174087
0.146120
0.324097
0.052752
0.527849
0.020213
0.005281
2.025172
0.175169
0.453877
0.298777
0.187915
0.032517
1.223182
1.750177
1.749899
0.059033
0.121159
0.480915
1.954835
0.391441
0.582680
0.542110
0.149935
0.390009
0.183594
0.141434
0.042435
0.164799
2.048475
0.297015
0.527792
0.515663
1.412864
0.247541
0.183207
0.198184
0.190436
0.939099
1.119806
0.180348
0.203483
0.392878
0.432544
0.453124
0.140584
0.010292
0.139698
0.037538
0.400594
0.036778
0.039051
0.504453
0.171824
0.785553
0.339880
0.992608
0.083724
0.348005
0.792332
0.040121
1.490205
0.095122
0.748521
2.096394
0.861724
0.192672
0.056516
0.361142
1.258861
0.173709
1.121022
0.076390
1.206656
0.016138
0.189949
1.166977
0.814454
1.188405
0.918541
0.685575
0.584939
0.098102
0.283379
0.085926
0.627325
0.550977
0.145568
0.033291
1.653661
0.825788
0.398443
0.389764
0.952888
0.301936
0.251851
0.206751
0.149182
0.012356
0.519849
0.269513
0.422687
0.032174
0.219209
0.074415
0.066839
0.149954
0.882854
0.253581
0.256315
0.473949
0.132980
0.003753
0.376132
0.347474
0.523256
0.288409
0.579999
0.657307
0.136150
0.341670
0.325837
0.127486
0.265724
0.410953
1.187253
1.248732
0.160947
0.519816
0.024699
0.037120
0.358404
1.049512
0.086860
0.726277
1.072832
0.186839
0.589733
0.945208
0.232301
0.604129
0.666696
0.451413
0.969934
1.134596
1.610424
0.423420
0.096960
0.144238
0.122707
0.421424
0.708893
0.026771
0.572281
0.631425
0.213841
0.361861
0.090041
0.654474
0.020780
1.987510
0.824983
0.495034
0.155664
1.220136
1.602472
0.074904
0.747513
0.922361
0.538989
0.602666
0.294446
1.290540
1.773821
0.240919
0.811544
0.283629
0.090015
0.196868
0.067526
1.197815
1.602290
0.063455
0.458995
0.262314
0.062833
0.175116
0.142653
0.692302
0.002009
0.105261
0.288815
0.010630
0.493795
0.465230
0.901913
0.115718
0.167584
0.390814
0.159570
0.440628
0.144430
0.575259
0.782928
0.826838
1.817501
0.394143
0.337466
0.967922
0.732815
0.422619
0.241651
0.167071
0.057223
0.823957
0.062822
0.687707
0.394045
1.675423
0.715783
1.815679
0.073435
0.346945
0.424992
0.186440
0.349615
0.220664
0.375806
0.000423
0.291980
0.298512
0.181777
0.254915
0.764130
0.575078
0.338931
0.521591
0.237053
0.114024
0.001942
0.162603
0.455856
1.067109
0.884279
0.357656
2.172101
0.309559
0.899675
0.262940
0.682522
2.194694
0.182164
0.093353
0.483836
0.378530
0.222692
0.001763
0.246462
0.277449
0.259809
0.987524
0.439050
0.661812
1.140946
0.690700
0.339328
0.684755
0.511319
0.523122
0.496688
0.261280
0.496130
0.502196
1.383247
0.762718
0.936272
0.729432
0.844581
0.465020
0.214969
0.153659
0.615535
1.035507
0.392902
0.082479
0.894807
0.331351
0.314713
0.023225
0.356962
0.682751
0.274608
0.219390
0.534784
0.009969
0.353789
1.460564
0.586314
0.257018
0.583834
0.464427
0.117159
0.116413
1.085889
0.156718
0.038918
0.887975
0.370327
0.229598
0.358227
0.667279
0.092294
0.529312
0.624898
0.843709
0.157191
0.470377
0.132057
0.411679
0.094590
0.779771
1.007644
0.199973
0.125719
1.659188
0.613263
0.928285
0.015505
1.148268
0.487029
0.190286
0.282611
0.716888
0.769518
0.105299
0.491598
0.090539
1.806883
0.293113
1.221758
0.651432
0.466032
0.151895
0.373899
0.074610
0.074307
0.628950
0.223996
0.695907
0.137543
0.633205
0.633770
0.182279
0.056240
0.252926
0.338993
0.052666
0.103365
0.028467
0.455047
1.098555
0.122029
0.017665
0.608569
0.843458
1.663810
0.474897
0.209612
0.909674
0.062820
0.589863
0.050038
0.255168
0.341621
0.237323
0.092321
0.131799
0.857816
0.310484
0.433670
0.119070
0.627519
0.200326
0.450232
1.201131
2.591906
0.023660
0.798366
0.974515
0.192518
0.241563
0.434052
1.255668
0.255353
1.060257
0.710568
0.082598
1.224847
0.007649
0.078431
0.546531
0.029408
0.238607
0.069619
0.310776
0.916229
1.182679
0.018057
0.031391
0.918245
0.021879
0.159821
0.062462
0.047726
0.014006
0.507383
0.682490
0.580411
0.934178
0.543860
0.246904
0.498565
1.746571
0.513057
0.139257
0.031036
1.367963
0.446404
0.215095
0.464881
0.410783
0.369252
0.031366
0.217880
0.266067
0.111177
1.060570
0.275928
0.542926
0.625089
0.679891
0.638478
0.697584
0.144896
1.873332
0.081854
1.254481
0.964026
0.955827
0.027128
0.047825
0.838473
0.316654
0.231219
2.089542
0.020472
0.379072
0.292909
0.068599
0.251419
0.614897
1.069874
0.012464
0.371704
0.047362
0.805704
0.044845
0.017396
0.242446
0.659516
0.187861
0.069634
0.791330
0.822324
0.968484
0.181019
0.276545
0.140777
0.407293
0.200319
0.206746
0.765363
1.565160
0.438704
0.055291
0.528603
0.297658
2.212699
0.635380
0.900257
0.604135
0.383525
1.135632
0.890757
0.172180
0.085413
0.231297
0.368108
0.051227
0.211850
0.427722
0.022276
0.843561
0.526509
0.188184
0.177140
0.217408
0.196735
0.690184
0.347632
0.373409
0.080529
1.229140
0.196946
0.198425
0.035665
1.941513
0.326673
1.220262
1.312894
1.749165
0.845403
1.298097
1.277381
0.808150
0.072271
0.370866
0.428544
2.446261
0.766119
0.606871
0.686490
0.224378
1.426367
0.515712
0.257563
0.312344
1.949922
0.379781
0.091840
0.080293
0.581163
0.413654
1.186537
0.102038
0.264757
0.650903
0.025702
0.052248
0.394507
0.154439
0.056549
0.151701
0.500028
0.373672
0.040874
0.037799
0.950654
0.515345
0.095197
0.989650
0.011046
0.229516
0.940721
0.619417
0.166865
1.109497
0.455749
1.003071
1.116499
0.277079
0.562889
0.393154
1.447810
0.800142
0.646982
0.841091
3.148982
0.148234
0.112425
0.686754
0.735561
0.361065
0.333814
0.258542
1.071497
0.795386
0.439254
0.020473
0.952380
0.306663
0.105213
0.177876
0.587749
0.002761
0.063942
0.180237
1.091031
0.686907
1.766652
0.391567
0.424279
0.400786
0.372881
0.390487
0.853436
1.532742
0.262378
0.497079
0.183911
0.179704
0.352931
0.441268
0.399248
1.877076
0.088948
0.506214
2.604331
0.666159
0.417250
0.229720
0.257198
1.378540
1.128474
0.553841
1.145071
1.296226
0.936518
0.241781
0.312151
0.794591
0.233112
0.691876
0.328331
0.205144
0.304539
0.061937
0.218863
0.268238
0.009165
0.094416
0.150710
0.975556
0.445284
0.169239
3.043261
0.149150
0.360556
0.672614
0.587726
0.284141
0.750287
0.332566
0.628450
0.338024
1.778832
0.629707
0.047913
0.069327
1.698326
0.130182
0.013242
0.145995
0.326759
1.520036
0.254688
0.642782
0.898977
0.046695
0.473236
2.734477
0.398805
0.382307
0.212861
1.460362
1.746644
0.054444
0.402413
0.272044
0.556832
0.063148
0.154170
0.163387
0.326687
0.788202
0.975427
0.771880
0.564753
0.045615
0.246916
0.552368
0.174246
0.354454
1.177352
0.061738
0.961652
0.055929
0.244177
1.178993
0.112322
0.367759
0.269445
1.094393
2.418217
0.170255
0.339106
1.126922
0.393504
0.120797
0.712855
0.205557
0.332741
0.004299
2.253434
0.535424
1.300582
1.731834
0.155669
0.388847
0.290134
0.713257
0.923802
0.129748
0.160492
0.612533
0.265211
0.069747
0.108649
0.411456
0.456267
1.610333
0.380477
0.469499
0.080586
0.267049
0.164107
0.594415
0.155344
0.120654
0.229183
0.317957
0.206543
0.465362
0.099960
1.059758
0.592365
0.382604
0.029961
0.197268
0.585765
0.517909
0.835535
1.110542
0.189436
0.340343
0.200270
0.068438
0.075480
0.148173
0.046073
0.386989
0.606881
0.413994
0.577221
0.128252
0.111200
0.419173
1.078315
0.274320
0.002123
0.010128
0.182141
0.477742
0.044178
0.127130
0.570797
2.099584
0.208571
0.459571
0.365352
0.011698
0.200115
0.075087
0.144389
0.734797
0.571600
0.020944
0.040266
0.645363
0.054467
0.190645
0.156902
0.025524
0.015833
0.074851
0.254852
1.356826
0.508578
0.138576
0.569161
0.159850
0.362049
0.194177
1.484749
0.217212
0.813706
0.512485
0.926793
0.465906
1.021593
0.259734
0.568161
0.484631
0.375106
0.415561
0.383679
0.250249
1.142959
0.500828
0.398280
0.027724
0.355175
0.096275
0.121051
0.285122
0.394781
0.144116
0.157996
0.377667
0.320499
0.258160
0.054770
0.233785
0.531267
0.392849
0.393457
0.928367
0.642163
0.576940
0.015443
0.184177
0.573501
0.084667
1.223650
0.076533
1.056484
0.121844
0.921284
0.942693
0.204334
1.097280
0.087038
0.945600
0.240419
0.289657
0.062702
0.459404
0.157188
0.549625
0.803191
0.462772
0.004109
1.521781
1.260876
0.514919
0.238620
0.412670
1.071988
0.307657
0.755290
0.456347
0.274332
1.355476
0.262488
0.465422
0.027373
0.318160
0.019066
0.608922
0.000295
0.021488
0.058900
0.075164
0.354718
0.220252
0.157974
2.055957
1.198447
0.531906
0.809964
0.856590
0.140634
0.825875
0.137095
0.413175
0.221363
0.086379
0.749965
1.240507
0.188219
1.059143
0.212520
0.535823
2.735098
0.739360
0.028638
0.285352
0.236046
0.174022
0.846778
0.290821
0.600722
0.503835
0.365940
0.028831
0.558951
1.109964
0.094492
0.514652
0.334168
0.208504
0.619673
1.848435
0.010951
1.138000
0.241637
0.897427
0.096011
0.630433
0.052512
0.204443
1.751759
0.534452
0.767452
0.309303
0.318541
0.339253
0.741745
0.642320
0.107692
0.290449
0.390469
0.423649
1.307081
0.915501
0.081190
0.235899
0.057690
0.013287
0.038757
0.101037
0.726382
0.550139
0.799425
0.170192
0.084512
1.789569
0.874422
1.466680
0.009483
0.252544
0.502285
0.666044
1.218920
0.385805
0.247798
0.002669
0.814472
2.013098
1.188905
0.542752
0.209637
0.136660
0.745871
1.369998
1.613531
0.096554
0.440164
0.359867
0.278806
0.790913
1.372739
0.644810
0.602496
0.586584
0.530018
0.384749
0.142453
0.755877
0.063402
0.516255
0.244685
0.410448
0.512825
0.325929
1.910500
0.136688
0.006121
1.553421
0.186989
0.162915
0.268550
0.451893
2.138457
0.614688
0.191598
0.382524
0.297725
0.348163
0.270306
0.091732
0.251664
0.246402
0.112022
0.848912
0.223136
0.082135
0.418364
0.931660
0.758341
0.486484
0.656593
0.204823
0.076990
0.147192
0.214895
0.163651
0.315332
0.080691
0.069782
0.145660
0.109391
0.808989
0.385616
0.110580
0.280373
1.027533
0.430916
0.403622
0.248230
0.108977
0.490955
0.040144
0.771334
0.029623
0.685895
0.241143
0.573499
0.447027
0.069158
0.386639
0.038531
0.138021
0.240366
0.168206
0.541999
2.165085
0.220698
0.911926
0.127510
0.617785
0.213641
0.383250
0.046378
0.878254
0.117124
0.311300
0.171454
0.830900
0.448973
0.477496
0.702736
0.147116
0.030007
0.881747
0.189610
0.836378
1.569102
0.496034
0.054512
0.962030
0.501780
0.141115
0.116516
0.354355
0.064807
1.182337
0.615265
0.855409
0.242109
1.283219
0.071909
0.629831
0.146920
0.001819
0.064423
0.112538
0.720577
0.237448
0.328920
0.475418
0.155755
0.508655
0.556719
1.271496
0.349449
0.966498
1.717145
0.732442
0.273392
0.158713
0.051422
0.889008
0.069401
0.409937
0.302505
0.022942
0.120614
0.865511
0.386810
1.291114
1.192842
0.049373
0.566783
0.021797
0.274668
0.291497
1.571800
0.452326
0.105361
0.356417
0.368893
0.109747
0.222934
1.049800
1.994207
0.749992
0.033338
1.181575
0.306669
0.898053
0.097266
0.079899
1.185766
0.168103
0.022005
0.347623
2.331848
0.902416
0.252339
2.486194
0.796463
0.922789
0.519380
0.250752
1.180689
0.318033
1.363939
0.401694
1.203182
0.324236
0.278278
0.444195
0.190858
0.080905
0.444986
0.951780
0.162710
1.001320
0.773534
0.747332
0.268183
3.344919
0.782419
0.428597
0.060243
0.426441
0.007243
1.162460
0.205262
0.229706
0.400236
0.507316
0.437007
0.331722
0.503047
0.939124
0.295484
0.346653
0.831279
0.001706
0.087600
0.196543
0.120359
1.131730
0.080211
0.057081
0.190777
0.355290
0.861530
2.718914
0.954831
0.469316
0.019164
0.032784
0.498122
0.857072
0.154291
1.740429
0.399684
0.426389
0.481982
0.038934
0.093399
1.375941
0.155506
0.043484
0.165942
0.647580
0.152454
0.118229
0.162263
0.327369
0.668846
0.179283
1.033795
1.862407
0.863032
0.039049
0.189503
1.300400
0.980863
0.071504
0.291899
0.226233
0.688112
0.014565
0.189516
0.692707
1.089610
0.020737
0.443795
0.544740
1.031457
0.276327
1.806880
0.109965
0.060950
0.069657
0.441820
0.065305
0.155030
0.109266
0.028441
1.640153
0.203928
1.662337
0.642291
0.124083
1.348160
0.004698
1.999194
0.016398
0.146055
0.401433
0.004610
0.723472
0.044227
0.849371
0.017868
0.375555
0.117505
0.170376
0.337147
0.232113
0.248774
0.529836
0.108606
0.100142
0.576630
0.176173
1.351197
0.277772
0.321247
0.011721
0.010436
0.055336
0.491253
0.546131
1.520339
0.283230
0.614937
0.210494
0.038474
0.272523
0.604701
0.815392
1.518106
0.892411
0.414614
0.399661
0.347670
0.324667
0.570486
0.428665
0.973021
0.298986
0.318549
0.892132
0.562945
0.371643
0.414422
0.819186
0.467459
0.149979
0.185708
0.463935
0.023466
0.305854
1.112381
0.132076
0.293634
0.601161
1.298503
0.595813
0.491523
0.242169
0.287557
0.513537
0.220277
0.768259
0.004112
0.695990
0.677488
0.182959
0.007537
0.206365
0.444807
0.773107
1.021521
0.116953
0.042636
0.063852
2.257130
0.518434
0.068692
0.586827
1.602953
0.467529
0.132355
1.640236
0.602910
0.101048
0.726683
0.350766
0.426708
0.227685
0.173894
0.272740
0.373698
0.309431
1.005950
0.038552
0.110940
1.386336
0.468066
0.480552
0.496788
0.139523
0.250998
0.117955
0.082427
2.278774
0.680926
1.056550
0.000732
0.609494
0.183552
0.344489
0.562352
0.015842
0.231621
0.403601
1.037240
0.359958
0.191057
0.462869
0.438069
0.172860
0.397094
0.161567
0.005679
0.186058
0.045198
0.338530
0.347724
1.020965
0.688978
0.691905
2.285115
0.153723
0.233194
0.131044
0.054064
0.362039
0.358032
0.069473
1.279003
1.919931
0.035375
0.001588
0.031895
0.657881
0.957036
0.034229
0.004501
0.386037
0.202266
0.009458
0.004419
0.118722
0.111640
0.175036
0.399994
0.144762
0.132971
0.118335
1.090188
0.136293
0.405212
0.301318
0.201288
0.261078
0.008060
0.102313
0.511019
0.716666
0.123187
0.097114
1.180598
0.051449
0.792032
1.052080
0.079087
0.894804
0.081293
0.022032
0.168600
0.211044
0.445239
0.292166
0.788623
0.546465
0.063459
0.113054
0.685531
0.061612
1.524940
0.834488
0.124126
0.168514
0.145260
0.274821
0.142935
0.016397
0.145021
0.108332
0.215333
0.302811
1.036977
0.538752
0.477883
0.999499
0.244315
0.277645
0.140185
0.886573
1.049254
1.208599
0.464342
0.060428
0.037507
0.798593
1.083442
0.379931
1.267684
1.335181
0.702741
0.231450
0.304717
0.216843
0.252132
0.318682
0.008629
0.068107
0.091971
0.418295
1.026339
0.621350
0.080963
0.305953
0.493496
0.072623
0.041522
0.473424
0.134220
0.517900
0.094095
0.968642
0.185344
0.279622
0.399216
1.087307
1.240721
0.931496
0.576824
0.035849
0.103383
0.382436
2.104122
0.647581
0.106388
0.220026
1.641239
0.354380
1.021336
0.975947
0.761094
0.493144
0.548073
0.209334
0.064153
1.483678
0.016587
0.157962
0.475824
1.675229
0.117967
0.141825
0.941635
0.198054
0.257882
0.222941
0.025359
1.422123
0.598218
0.003425
0.051096
0.072775
0.230135
1.105103
0.075911
0.129435
0.186579
0.357384
1.156771
0.387675
1.169389
0.390363
0.282926
1.025772
0.434746
0.322157
0.359182
0.219741
0.283787
0.038526
0.114843
0.719840
0.071695
0.116754
0.089320
0.225400
0.025272
0.223401
0.470413
0.566562
1.010009
0.045552
0.516164
0.109273
0.209598
0.427985
0.909935
0.555254
2.109917
0.009055
0.189965
0.327312
0.018439
0.026897
0.228463
0.409535
0.072811
0.035375
0.191976
0.676473
0.418709
2.872979
0.464567
1.105440
0.425356
0.327849
0.268538
0.037087
0.032499
0.537067
0.980111
0.009616
0.099364
0.198352
0.187760
0.898475
0.145443
0.182796
0.334309
1.506004
0.174435
0.502157
0.024910
0.282324
1.310110
0.122570
0.220387
0.530867
0.416827
0.429048
0.468952
0.562560
0.194794
0.216713
0.252924
0.369425
0.418511
1.035599
0.251955
0.298235
0.893847
1.771523
0.139127
0.655464
0.142251
0.675696
0.019645
0.353753
0.421960
0.601306
1.244641
0.792605
0.414003
0.343756
0.006657
0.402225
0.413024
0.677595
0.090400
0.444169
0.026480
0.647131
0.861887
0.287928
0.581873
0.542814
0.180914
0.046192
0.709404
0.220865
0.087997
0.291883
0.894704
1.541588
0.418900
1.750891
0.095232
0.337082
0.004206
0.133265
1.046001
0.030615
0.531280
0.356207
2.194103
2.525440
0.065819
0.151956
2.379084
0.200197
0.099517
1.213920
0.480150
0.184199
0.404152
0.278790
0.306231
0.401620
0.093031
0.478040
1.552425
0.448293
0.774406
0.166016
0.083970
0.003230
1.990121
0.063384
0.239030
0.531704
0.663258
0.481341
0.289519
0.843521
0.292021
0.901826
0.027769
0.640086
0.051181
0.245153
0.292943
0.100439
0.297963
0.958302
0.018544
0.107785
1.856904
0.298888
0.246932
1.218899
0.747771
0.095292
0.455510
0.099472
0.747431
0.406453
0.801206
0.033566
1.315588
0.130560
0.947832
0.291338
1.098439
0.053593
0.027647
0.315827
1.332986
0.313038
0.354102
0.089678
0.389388
0.278616
1.094244
0.675369
0.324817
0.080645
0.078886
1.774529
0.472108
0.127428
0.832944
0.121751
0.302563
1.048502
0.054574
0.054323
0.027008
0.082263
0.234627
0.194043
0.164337
0.007132
0.333855
0.294727
0.675074
0.180554
0.435165
0.187817
0.699173
0.095668
0.336036
0.295095
0.306927
0.386218
0.384084
0.190153
0.868942
1.512956
0.409364
0.504609
0.643034
0.192690
0.448600
0.310498
0.331243
0.250552
0.384215
0.123036
0.137892
0.111672
0.451303
0.140737
0.758497
1.178526
0.712990
0.198958
1.429165
0.211013
0.224368
0.452278
0.540401
0.262833
0.772448
0.960452
0.170265
0.127190
0.253284
0.599672
0.554062
0.096566
0.246082
1.160675
1.608251
0.463455
0.757331
0.915677
0.125638
0.034076
0.472549
0.242816
0.620236
0.173843
0.284547
0.825889
0.048943
0.261991
0.083170
0.381371
0.659824
2.178658
0.700131
0.077889
0.287243
0.390649
0.507726
0.603393
1.811678
1.425447
0.116951
0.086216
1.753810
0.087487
1.724550
0.063824
0.439679
0.069564
0.071819
0.203108
0.789320
0.605774
0.190831
0.073721
0.222072
0.095672
0.133952
0.343533
0.335422
1.279463
0.047023
0.380597
0.415987
0.077024
0.223546
0.074175
1.120475
0.214271
0.033525
0.322345
0.376488
1.091177
0.634854
0.115423
1.194902
0.002535
0.597331
0.021536
0.856525
0.104989
0.797977
0.839445
0.738073
0.058351
0.255647
0.055353
0.634042
2.563162
0.369836
0.527726
0.549892
0.076994
0.232179
0.214544
0.694395
0.264992
0.229470
0.398142
0.115299
0.033761
0.135905
0.010534
0.553517
0.305103
0.479403
0.419379
0.027857
0.843905
0.854277
0.003808
0.281222
0.770246
0.268453
0.982296
0.594056
0.540332
1.180991
0.754700
0.439698
0.024228
0.303001
0.583561
0.370288
0.439421
0.214894
0.920029
0.140809
0.510186
0.287019
0.080518
0.009631
0.069585
0.169990
0.319675
0.013565
0.034748
0.795824
1.961908
0.281945
0.317239
0.461525
0.050944
0.386836
0.560457
1.443641
0.515243
0.393621
0.263920
1.214200
0.370486
0.324652
0.661706
0.288007
0.034810
0.448039
1.005010
0.230473
0.050560
0.055864
1.184001
0.058880
0.530950
0.045788
0.359099
1.210644
0.133594
0.183632
0.472550
0.426042
0.411039
0.248820
0.020877
0.452224
0.162012
0.484350
0.288026
0.156410
2.735027
0.194037
1.771055
0.324766
0.381801
0.156590
0.095467
0.612336
0.303984
0.439942
0.100810
0.356640
0.537476
0.713054
0.549127
0.267037
0.577983
0.454250
0.324474
0.497533
0.182902
0.032625
0.079988
1.800795
1.116104
0.877330
0.149994
0.912718
0.779275
0.389582
0.180475
0.056490
3.056865
3.352161
0.951605
0.295073
0.654002
1.206730
0.390430
0.066839
1.870490
0.385807
0.734027
0.487108
0.033484
0.309918
0.006024
0.154555
1.629015
0.587953
0.417000
0.059416
0.577973
0.464999
0.507314
0.582913
1.314823
0.296527
0.472091
0.377257
0.444610
0.568692
0.104105
0.028574
0.061837
0.021824
0.404946
0.182000
0.767738
0.088309
0.081367
1.003492
0.046975
0.217615
0.585672
0.413583
0.155182
0.072338
0.431071
0.142589
0.969286
0.153842
1.352258
0.011000
0.471983
0.165880
0.321810
0.286809
0.828009
0.102444
0.730079
0.017320
0.506317
0.867708
0.280542
0.945492
0.219084
0.219234
1.208650
2.322863
0.778390
0.130331
1.426788
0.227487
1.011205
0.194215
0.122720
0.149006
0.587099
1.945128
0.367978
0.056695
0.577144
1.144126
0.760529
0.000919
0.187118
0.749231
0.604233
2.770940
1.142300
0.800294
0.584865
0.239461
0.017816
0.730864
0.305379
1.001241
0.070655
0.973000
0.518430
1.086336
0.604122
0.286488
0.362857
0.051768
0.138856
0.427765
0.097874
0.221964
0.515260
0.451622
1.121335
0.283878
0.403319
0.273955
0.702991
0.491324
1.453401
0.076273
0.068026
0.172994
0.478888
0.508785
0.112552
0.158326
0.452459
0.153521
0.885653
0.056358
0.763052
0.083045
0.626234
0.761865
1.436056
1.161781
0.012395
0.540935
1.206305
0.735445
0.302733
0.693694
0.167101
0.812489
0.260725
1.768594
0.014143
0.436990
0.069600
0.726514
1.761721
0.338601
0.920459
0.132644
0.014273
0.812871
0.264278
0.043892
0.558524
1.156881
0.043753
0.471820
0.213558
0.021685
0.038020
0.023203
0.183149
0.184000
0.385503
0.484766
0.950015
0.969773
0.093847
0.493959
1.046401
0.143780
0.461921
2.223026
0.503091
0.604520
0.186103
2.447576
0.890266
0.194865
0.179623
0.002405
0.328072
1.033407
0.768358
0.079822
0.138323
0.087913
0.150307
0.113184
0.090157
0.402799
1.228146
0.964161
0.485544
0.190041
1.194871
0.118511
0.019725
0.121677
0.780477
0.603125
0.186113
0.124113
0.507029
0.358227
0.790173
0.295154
0.043555
0.036529
0.131269
0.370727
0.627185
0.406108
0.004911
1.528370
0.306393
0.388638
0.106726
0.139453
0.120513
0.466278
1.196680
0.153342
0.214971
0.169481
0.014758
0.005279
0.759282
1.897568
0.021657
0.040015
0.300881
0.181366
0.141602
1.019225
0.107257
0.108256
1.182408
0.487995
0.579249
0.551854
0.013064
1.907026
0.014593
0.129001
0.322385
0.908897
1.492410
0.004440
0.074475
0.008053
0.073742
1.225278
0.044254
0.387355
0.108359
0.003972
0.164052
0.149837
0.391306
1.034817
0.377608
0.381010
0.163520
0.099191
0.326280
0.250416
1.159954
0.116768
0.012985
0.026527
0.190744
0.123503
0.252834
1.061231
0.651287
0.449954
0.891719
1.056283
0.033570
0.584206
0.070269
0.264462
0.246830
0.158451
0.022698
0.108023
0.612710
1.577059
1.201587
0.011572
0.421484
0.105802
0.367893
0.381333
0.088598
0.046019
0.327369
0.027025
0.919605
1.097649
0.007484
0.806884
0.912224
0.020278
0.442345
0.322066
0.096318
0.854071
0.417706
0.836567
1.367586
1.751273
0.543273
1.031262
0.032775
0.206169
0.322025
0.358937
0.229094
0.849099
0.436526
0.937433
0.292660
1.421686
0.219919
2.495737
0.417728
0.236787
0.484620
0.056168
0.580582
0.457945
0.817867
0.039357
0.271920
0.441233
0.031379
0.719043
1.153359
0.491341
0.722304
1.445020
0.303171
0.358621
1.095481
0.564688
0.161961
0.445083
0.729208
0.929529
0.069513
0.091428
0.581515
0.629356
0.653820
0.335953
0.242039
1.614731
0.147011
0.168972
0.012558
0.044121
0.490769
0.543402
0.123532
0.673706
0.093428
0.232585
0.506324
0.751039
0.301496
0.826064
0.319378
0.545189
0.896404
0.413560
0.413369
1.350948
0.017309
0.009460
0.018538
0.186210
0.385677
0.481013
0.571888
0.008593
1.035277
0.135598
1.712097
0.212196
0.931461
0.623555
0.011590
0.358785
0.250195
2.509188
0.131968
0.251275
0.095721
0.002350
0.386525
0.483898
0.088702
0.908620
0.125588
1.385147
0.559512
1.774734
0.288023
0.911285
0.464721
0.627580
0.264265
0.358088
0.158637
0.205489
1.298801
0.040767
0.892385
0.693097
0.088369
0.281557
0.901805
0.355471
0.354441
0.350368
0.094323
2.339714
0.689844
0.168137
0.213332
0.614873
1.020563
0.400921
0.168685
0.222233
0.393405
1.087257
0.608572
0.127797
0.010132
0.535657
0.152789
1.046300
0.087446
2.799452
0.806629
0.145419
0.007917
0.859442
0.058557
0.082475
0.242548
0.094721
0.049807
0.398372
0.531786
0.769299
0.029821
0.026328
0.319657
0.676818
0.116512
0.452544
0.058566
1.144603
1.033919
1.377213
0.246390
0.043115
0.850597
0.291149
0.215002
0.278772
0.617529
0.651101
0.286201
0.154987
0.081762
0.027146
1.637953
1.709860
0.034823
0.449484
1.808667
0.428887
1.764497
0.078508
0.635306
0.920314
0.060851
0.114290
1.465588
0.132729
0.479240
1.213853
0.621209
0.741521
0.177657
0.947051
0.074425
0.255376
0.335848
0.608560
0.017341
0.039089
0.229530
0.084595
1.202125
0.293192
0.444878
0.277686
0.980436
1.299058
1.152983
0.042305
0.471955
0.750205
1.247706
0.406142
0.317362
0.096895
0.004098
0.012187
0.163262
0.637026
0.257298
0.390300
0.158272
1.811529
1.265059
0.153276
0.242497
0.055681
0.251504
0.138148
0.648456
0.187498
0.579001
0.013454
0.613399
0.507130
0.171535
0.737110
0.998234
1.181062
0.592877
0.289122
0.439514
0.717818
0.189722
1.074367
0.772466
0.592637
0.711485
0.026274
0.838318
0.295864
0.579932
0.525927
0.275421
0.665438
0.974963
2.596097
0.008831
1.232041
0.745973
0.452736
0.718269
0.214039
0.259179
0.020727
1.318356
0.823346
0.363276
0.474157
0.868336
0.090875
0.422300
0.641998
0.437064
1.880254
0.148069
0.568700
0.755007
0.247800
1.408837
0.265535
0.079182
0.093400
0.249713
2.169632
1.232060
1.149317
0.544095
0.349915
0.514087
0.464655
1.547535
0.249553
0.248648
0.653233
0.814258
0.672241
0.086931
0.501984
0.156558
0.160219
0.147487
0.004430
0.063685
0.557074
0.794618
0.056509
1.465889
0.313518
0.762682
0.021206
0.041654
0.842472
0.050749
0.019081
0.535833
0.022405
0.268022
0.844083
0.060544
0.924563
1.204647
1.845654
0.476146
0.861135
0.086720
0.426802
1.041290
1.003203
0.094127
0.882220
0.253791
0.359209
0.797894
0.551692
0.197245
0.968850
1.335169
0.826560
0.025540
0.007645
0.428406
0.052362
0.045576
1.024787
0.024371
0.165065
0.181917
1.348126
1.466181
0.767582
0.306830
0.062348
1.659451
0.126460
0.512443
0.753624
0.356376
1.083605
1.397741
0.227882
0.617901
0.049581
0.281866
0.557636
0.160643
0.233588
0.712449
0.118516
1.277663
0.075917
0.126139
0.476471
0.130729
0.916161
0.222229
0.068049
0.552873
0.278817
0.488958
0.059356
0.027237
0.175016
0.361964
0.110991
0.116731
0.904428
0.138564
0.213103
1.025119
3.083010
0.739733
0.075720
0.723433
0.047392
0.803516
0.161489
0.123748
0.277681
0.076696
0.549609
0.866168
0.548849
0.798328
0.087932
0.159100
0.908225
0.197653
0.687065
0.418373
0.080868
0.125085
1.283782
1.161037
0.453122
0.008037
0.008461
1.388205
0.801370
0.598449
0.150259
1.196715
0.037936
0.582426
0.582685
0.231268
0.837554
0.105088
1.638020
1.350756
0.207043
0.200074
0.792107
0.210080
0.444016
0.587393
1.452412
0.701184
0.161385
0.217906
0.039001
0.815644
0.931179
0.126181
0.319342
0.212426
0.166212
0.014849
0.451582
1.502749
0.093798
0.701604
0.741446
0.383360
0.942115
0.275220
0.485351
0.035221
0.082862
0.442192
0.923282
0.321367
1.355976
0.340365
0.263935
0.765361
1.266917
1.156263
0.538687
0.121004
0.184663
0.407670
0.018427
0.177480
0.775503
0.144574
0.522337
0.181114
0.071570
0.202825
0.193694
0.162791
0.185962
1.254205
0.427543
0.343798
0.153384
0.171092
0.803017
0.203247
0.080694
0.244911
0.559437
1.412880
0.894798
0.341484
0.092258
1.086085
0.020186
0.437141
1.779414
0.190610
0.370018
0.182264
0.268519
0.057599
0.480639
0.604350
0.069186
0.005232
0.138162
0.218727
0.285068
0.623036
0.367317
0.016610
0.009605
0.293112
0.092245
0.825661
0.685159
0.815215
0.479671
0.117516
0.785369
0.170749
0.090136
0.019835
0.247459
1.550345
0.576283
0.539383
0.239016
0.286486
1.201839
3.419127
0.202946
0.443212
0.333666
0.113555
0.358064
0.046568
0.795214
0.259287
0.531105
0.757699
0.134233
1.475200
2.169284
0.332108
0.037483
0.510143
0.567398
0.123058
0.752442
0.165583
0.150600
0.044580
0.482449
0.705293
0.592581
0.182264
0.176414
0.027714
0.096515
0.146797
0.117102
0.021529
0.254788
0.004992
0.349861
0.001369
0.240363
0.050910
0.088337
0.596708
0.037698
0.758037
0.570387
0.511963
0.378338
0.640381
0.124432
0.260558
0.009014
0.002119
0.268667
0.479705
1.683155
0.912884
0.027430
1.246757
0.251925
0.267559
0.086689
0.048022
0.300680
0.393079
0.955868
0.546219
0.106478
0.452961
0.859590
0.142115
0.172981
0.149054
1.790380
0.079572
0.500449
0.224453
0.645191
0.346854
0.123536
0.981929
0.385121
0.011103
0.123327
0.092398
0.194355
0.088848
0.518159
0.468875
0.245416
0.148876
0.504229
0.235415
0.730460
0.997373
0.635751
1.399460
0.179308
0.952357
0.260185
0.975686
0.480405
0.168848
0.164440
0.972507
0.330155
0.082826
0.433862
0.076283
0.031567
0.150697
0.745889
0.116709
0.995618
0.020547
0.205566
0.002143
0.582321
0.477448
0.767176
0.845333
1.191791
0.275510
0.228350
0.468966
0.332721
0.107573
0.283305
0.248444
1.098676
0.042179
0.648821
0.612079
1.226513
0.420168
0.610922
0.065682
1.034289
0.026667
0.468290
0.059777
0.130157
0.581703
0.241976
0.579391
0.124297
0.050377
0.212989
0.352349
0.829804
1.006387
0.237735
1.429498
0.414195
0.101812
0.350232
0.569514
0.719825
0.063633
1.797323
0.407089
0.002458
0.168060
0.892470
0.027977
0.186844
0.567263
0.068157
0.632812
0.445101
0.156282
0.831313
0.037875
0.107425
0.722809
0.460690
0.122052
0.249267
0.942922
0.095047
0.033306
0.345084
0.114022
0.573707
0.140205
0.104920
0.475687
1.604560
0.397393
1.694019
2.389199
0.696305
0.426749
0.232743
0.041076
0.375683
0.098793
0.418446
0.284179
0.406884
0.428662
0.410519
1.312319
0.403611
0.062517
1.078822
0.676573
0.229215
0.293277
0.413043
0.248591
0.553809
3.135329
0.026874
1.247628
2.304785
0.993815
0.311220
0.544208
0.314298
0.233575
0.084940
0.112185
0.324313
0.165760
0.116631
0.469564
0.166111
0.892819
0.046097
0.128722
0.276186
0.120525
0.906974
0.338831
0.031832
0.114082
0.599714
0.184796
0.177907
0.118341
0.006283
0.710015
0.196955
0.139853
0.055609
0.351992
0.671180
1.469459
1.348875
0.008699
0.342561
0.332076
0.398403
0.278012
1.312568
0.450616
0.286291
1.645141
0.364788
0.004077
0.493142
1.677466
0.529426
0.111404
0.910899
0.018206
0.938877
0.072439
0.920012
0.098298
0.079124
0.144927
0.350564
0.589248
0.359161
0.036802
1.469575
0.911838
0.228346
0.019185
0.263268
1.649493
1.538364
0.092465
0.109760
1.882498
0.206683
0.595434
1.322157
0.873813
0.815668
0.474227
0.824494
0.134090
1.172341
0.119793
0.065775
0.734109
2.378542
0.711498
0.487961
0.046596
0.375727
0.098332
0.389082
0.263613
0.075572
0.392645
0.783818
0.627263
0.075520
1.377071
1.343978
0.222129
1.903585
0.105670
0.255639
0.919300
0.044925
0.250708
0.004929
0.118857
0.220072
0.897947
0.490825
0.049841
0.796103
0.711454
0.183141
0.095151
0.663757
1.386860
0.123750
0.200217
0.202045
1.705123
0.026152
0.009383
0.100416
0.310328
1.688812
0.018713
0.798836
0.372665
1.104632
1.660720
0.632774
0.143778
1.206206
0.005967
2.209153
0.266626
0.157336
1.072838
0.345041
0.243675
0.182100
0.271688
0.142640
0.364847
0.286329
0.153251
0.002922
0.082168
0.759650
0.616538
1.286677
0.080756
1.305282
1.091355
0.215454
1.545029
2.061906
0.934181
0.407000
1.024226
0.083822
0.071213
0.074743
0.593313
1.611231
0.108031
0.073585
1.083135
1.052557
0.068024
0.017000
0.163031
0.159424
0.003722
0.078536
0.901357
0.032941
0.304580
0.630283
0.626023
0.185108
0.071748
0.277637
0.223151
0.297033
0.172920
0.322358
1.832206
0.004006
0.130641
0.945504
0.346050
0.766049
0.041230
2.297669
0.001256
0.771396
0.140818
0.621887
0.816645
0.663058
1.548481
0.125829
0.955717
0.480742
0.101263
0.123072
0.047474
1.164024
0.200521
0.213024
0.065053
0.812504
0.406219
0.114505
0.792930
0.384375
0.786733
0.611841
0.282246
0.220316
1.116620
0.099892
0.053587
0.978458
0.581443
1.300349
0.471643
3.610338
0.282286
0.032755
0.548248
0.144972
0.248833
0.229725
0.197537
0.363482
0.456443
0.036660
1.118577
0.213577
0.668291
0.212774
0.063563
0.199706
0.127621
0.181298
0.551557
0.567420
0.106294
0.610909
0.478603
0.088552
0.433822
0.029317
0.540308
0.154442
0.445046
1.388061
0.612654
0.408452
0.421840
0.142385
0.316049
0.028061
0.339475
1.723970
0.349633
0.681578
1.165070
0.417273
0.069537
2.308602
0.355557
0.279298
0.032353
0.642288
0.938320
0.379736
0.102352
0.612554
0.105073
0.213147
0.136449
0.374228
0.524431
0.408601
0.090290
0.133762
0.124004
0.357112
1.657771
0.533028
0.980981
0.047294
0.012509
0.393292
0.130421
0.202167
0.656479
0.049230
1.053673
0.266044
0.450475
0.021686
0.032077
0.559330
0.019278
0.506239
0.186540
0.178495
1.556392
0.994303
0.183224
0.243022
0.174528
0.063861
1.533148
0.526140
0.626723
0.275810
0.116955
0.498204
0.140935
1.223554
1.449878
1.720513
0.120936
0.175540
0.991608
0.312826
0.408555
0.625676
0.118127
0.310726
0.043610
0.015666
1.726770
0.640200
0.486269
0.114612
0.174967
1.260502
2.549160
0.514368
1.284860
0.251022
0.928264
0.650912
0.125087
1.273589
0.007097
0.156239
0.340101
1.390892
0.216971
0.057953
0.640982
0.554352
0.063864
0.584166
0.245559
0.273312
1.412241
0.892873
1.891155
0.605514
0.244304
0.233845
0.076411
0.035196
0.358463
0.087029
0.436323
0.119210
0.349328
1.141691
0.313054
1.292419
0.179023
0.072373
0.614330
0.284320
0.552289
0.432214
0.286110
0.225722
0.122862
2.374086
0.113649
0.309142
1.114616
0.847210
2.027469
0.488321
0.167416
1.012624
0.034045
1.426646
0.296856
0.572829
1.122455
0.365825
0.858511
0.912116
0.355694
1.210563
0.142679
0.085401
0.615660
0.869132
0.265319
0.015339
0.280441
0.127676
0.037313
0.090305
0.460921
0.238606
0.796593
0.124161
0.462938
0.156222
0.166910
0.081147
0.677465
0.165420
0.555198
0.583173
0.403903
0.542576
0.572689
0.051218
0.740437
0.365288
0.842422
0.058782
0.029619
0.520025
0.183541
2.099100
0.182817
0.299992
0.210908
0.409170
0.119519
1.613972
0.159995
1.259708
2.095136
0.206415
0.848652
1.133738
0.018138
1.766908
0.242014
0.206964
0.813277
0.091615
0.013849
1.723924
0.008895
0.507877
0.420705
0.272669
0.874845
0.847170
0.012302
0.481302
0.977781
0.246418
0.066481
0.426917
0.008310
0.242015
0.345862
0.120899
0.440282
0.879241
0.319374
0.390765
0.104928
0.004207
0.319228
0.144208
0.498881
0.053008
0.301222
0.363182
0.765613
0.026720
1.100113
0.083559
1.252129
0.835097
1.104964
1.298365
0.043201
0.224519
0.448799
0.201152
0.539792
1.021295
0.113774
0.191117
1.024773
0.200537
0.042561
0.687022
0.173519
0.437766
0.034041
0.416249
0.840846
0.293994
0.226340
0.734088
0.372358
0.322144
0.095787
0.567920
0.882992
0.000168
0.184432
0.527224
0.081267
0.977560
0.072155
0.139788
0.305734
0.074269
1.180001
0.353064
0.246801
0.471666
0.687967
0.392891
0.519644
0.572046
0.286487
0.164339
0.066985
0.543413
0.237423
1.532963
0.160341
0.763054
0.290043
0.084288
0.247408
0.493985
0.559451
0.213483
0.128038
0.084875
0.449165
0.569486
1.156610
0.336403
0.200829
0.801537
0.504104
0.645808
0.033317
0.866733
0.249936
0.555354
0.037970
0.000111
0.015255
0.039005
0.045685
0.987594
0.397462
0.031725
3.369163
0.281708
0.572769
0.542842
0.219576
0.873464
1.705278
0.263623
0.218735
0.274735
0.891040
0.348751
0.053553
0.005159
0.541008
0.080207
0.727814
0.457800
0.118561
0.035303
0.553863
0.087314
1.976390
0.360500
0.198048
0.815218
0.480741
0.537426
0.777793
0.301062
0.022432
0.086811
2.370408
0.489028
0.012048
0.080053
0.056402
0.148201
0.530940
1.310489
0.424025
0.345640
1.276219
0.070153
1.144869
0.514759
0.134569
0.729893
0.096137
0.448175
0.308200
0.056821
1.383796
0.108824
0.227536
0.506413
0.157436
0.049765
0.178588
0.236428
0.822289
0.393772
1.277140
0.075025
0.877202
2.127582
2.042334
0.177886
0.052926
0.722054
0.289949
0.510831
0.051450
1.663140
0.251558
1.684041
0.003860
0.173978
0.316824
0.230261
0.117431
1.963308
0.397180
1.380356
0.365921
0.771355
0.513387
0.074129
0.599101
0.688418
0.630889
0.337985
0.024932
0.886325
1.730185
0.034531
0.021774
0.282762
0.667732
0.298346
0.852624
1.060760
0.452611
0.478949
0.516379
0.231893
0.113817
1.205824
0.150242
0.875930
0.365003
0.672362
0.774306
1.073306
0.911128
0.198450
0.898897
1.016887
0.513521
0.110621
2.102708
0.801996
0.242418
0.180493
0.842646
0.538888
0.234536
1.186782
2.301241
0.567455
0.890500
0.453930
0.181886
0.801138
0.602388
1.064227
0.213802
1.395878
0.593450
0.694079
0.924114
0.303605
0.913577
1.108172
1.768743
0.457403
0.031857
0.138143
0.109871
0.075732
0.237910
0.442953
2.286145
0.042928
1.576570
0.395914
0.807328
0.879933
0.218185
0.606634
0.681236
0.199517
1.292726
1.068301
0.005528
0.963988
0.244570
1.578093
0.030118
0.925213
0.358312
0.161798
0.338297
0.898640
0.279585
0.304128
1.076950
0.918121
0.124346
0.358204
0.256209
0.106509
0.112452
0.059275
0.091511
0.273807
0.145783
0.645871
0.048696
0.137041
1.630964
0.422655
0.101614
0.860766
0.008529
0.182135
0.074562
0.265093
0.314734
1.239321
0.342160
1.147370
1.585282
0.022863
0.056028
0.831625
0.174150
0.311217
0.531822
0.278662
1.007816
0.013509
0.152241
0.031931
0.150128
2.134304
0.014559
0.392473
0.123138
0.675941
0.089506
0.680884
0.366552
1.645957
0.041319
0.370658
1.206063
0.367996
0.277375
1.285545
0.882579
0.760900
0.260635
0.198548
0.165643
1.819405
0.040421
0.072576
0.500512
1.074599
1.930995
0.469307
0.984148
0.226080
0.362214
0.732262
0.096064
0.605872
0.276378
0.023269
0.220081
0.675318
0.803717
0.577093
0.642464
0.231022
0.185595
0.254246
0.288381
0.197386
1.083540
0.602910
0.082149
0.071235
0.324839
0.506672
0.591970
0.278588
0.430918
0.464743
0.174188
0.818394
0.211297
0.070434
0.078309
0.522477
0.321518
0.932066
1.047318
0.132435
0.757200
0.573848
0.413473
2.713055
0.093141
0.272360
0.263731
0.157207
0.479702
0.967725
0.326778
0.042236
0.152381
0.635500
0.307519
0.023352
0.145905
0.377737
0.194312
0.115319
0.240042
0.058752
1.089541
0.193829
0.316513
0.367987
0.298105
1.273619
0.083860
0.340598
0.084729
0.031374
0.609564
0.203552
0.674001
0.334792
0.018822
0.041947
0.013525
0.428445
0.259377
0.172402
0.178508
0.282680
1.001118
1.110932
0.868442
0.684968
0.064152
0.232431
0.861980
0.113607
0.646025
0.057555
0.843427
0.149406
0.149209
1.671157
0.058496
1.150145
0.174709
0.164004
0.077995
0.029679
0.238088
0.293866
0.187742
0.003472
1.108578
0.924110
0.496002
0.073321
0.081241
0.332000
0.094271
0.165282
0.123752
0.733676
0.551734
0.116257
1.478900
0.462997
0.787930
0.556083
0.311296
0.317182
0.278618
0.035350
1.426250
0.211187
0.028572
0.054891
0.241888
0.627371
0.346449
0.200897
1.182588
0.035467
0.156199
1.076484
0.316102
0.313195
0.041746
0.454337
0.651360
0.911462
0.060211
0.423550
0.846196
1.113402
0.048900
0.078057
1.181603
0.240869
0.275581
0.660554
0.123108
0.079273
0.410264
0.480446
1.367581
0.053472
0.518383
0.066398
0.437335
0.515680
0.269576
0.250879
0.267090
0.864653
0.947324
0.299929
0.681549
0.286216
0.290466
0.487171
0.468558
0.305532
0.325148
0.989338
0.201766
0.493017
0.076063
1.901693
0.022251
0.758011
0.091049
0.537897
0.002262
0.197943
0.021034
0.273977
0.482571
0.008728
0.398654
0.256864
1.029835
0.251427
0.013941
0.137317
1.039398
0.332841
0.247576
0.188361
0.170158
0.074963
0.417473
0.075392
0.076178
0.078780
0.135215
1.122865
0.110555
0.015573
1.495920
0.336360
1.753009
0.774688
0.317148
0.279390
0.000247
0.272400
0.136281
0.238219
0.976823
0.482447
1.426534
0.732020
0.959326
0.057564
0.360000
0.864484
0.750200
0.855061
0.279717
0.069181
0.368116
0.419315
0.718515
0.228960
1.138700
1.046620
0.689964
0.682550
2.288122
0.047779
0.215280
0.291608
0.273980
0.563913
0.289157
0.236305
0.014296
0.024546
0.334693
0.194763
0.131343
0.009879
0.040099
0.098966
0.322306
0.131399
0.307794
0.675787
0.039294
0.494901
0.706545
1.174913
2.563812
0.103441
0.022243
0.523035
0.392379
1.180826
0.452309
0.863644
0.005561
0.317572
0.110604
0.100148
0.037401
1.456210
0.248472
0.797332
0.743594
0.825204
0.180049
0.730091
0.303095
1.363488
0.570650
1.140516
1.532972
0.221097
0.220641
0.001435
0.893949
0.480635
0.089820
0.486987
1.431309
1.299597
2.354744
0.205422
0.144230
0.001599
0.077404
0.148709
0.492848
0.003150
1.324462
0.522333
0.974293
0.167414
0.370619
1.226504
0.058138
0.040597
0.081044
0.113446
0.098120
0.015863
0.085312
0.289892
0.193281
0.295892
0.348554
0.614369
0.432129
1.767577
1.448415
1.145146
0.368969
0.139360
0.300925
0.338268
0.360735
1.404104
0.554960
1.374807
0.081785
0.510729
0.154018
0.009205
0.002138
0.231614
0.101719
0.198195
0.021627
0.014953
0.142304
0.645818
0.329110
0.640013
1.237019
0.345900
0.442399
0.111296
0.216404
0.690134
0.770934
0.077999
0.107759
0.309663
0.297248
0.476360
1.006062
0.141689
0.049966
0.046139
0.187154
0.230846
0.065081
0.891146
0.223426
0.143417
0.166745
1.075256
0.495900
0.828820
0.066508
0.091599
0.260906
0.311735
0.073421
0.109659
0.041345
0.037744
0.083584
0.139792
0.179381
0.460373
3.378021
0.426022
0.325973
0.244156
0.057496
0.539277
0.302832
0.538194
0.251008
0.119336
0.202852
0.081434
0.156290
1.522322
0.109000
0.455603
1.300740
0.257443
0.194260
0.056831
0.071122
1.316890
0.317803
0.196193
0.022057
0.617871
0.072015
0.345520
0.702329
0.811059
0.978635
0.148831
0.084830
0.063265
0.191209
0.209009
0.109354
0.064792
0.268586
0.272766
0.071380
0.858259
0.046517
0.246016
0.243809
0.250355
0.481684
0.363096
0.460905
0.658719
0.048940
1.682699
0.370427
0.701910
0.111291
0.320247
0.738357
0.191092
0.407540
1.029614
0.375844
0.371209
0.600511
1.272938
0.150900
1.831796
0.674495
0.249792
0.093468
0.150265
0.261076
0.612617
0.258764
0.027581
0.042574
1.401198
0.041428
1.165598
1.225814
0.471886
0.538629
0.960692
0.903691
0.624113
0.701109
1.278654
0.138255
0.263714
0.698100
0.575316
0.256318
2.957338
0.023758
0.104102
0.079846
0.207014
1.394063
2.379484
0.736900
0.272917
1.324554
0.202079
0.385062
0.631671
0.214818
0.614390
1.239658
0.215747
0.744369
0.036991
1.190318
0.315562
0.220699
1.588400
0.048476
0.362261
1.547299
0.236965
0.152491
0.306067
0.546506
0.153038
1.439947
1.235746
0.767033
0.374991
0.275596
0.134865
0.216302
0.313435
0.201289
0.366537
0.005820
0.821215
0.711656
0.772678
0.052114
0.159171
0.126786
0.416087
1.643445
0.221438
0.900142
0.019866
0.555720
0.246106
0.217958
0.541961
0.930802
1.355377
0.262793
0.355760
0.306502
0.027372
0.406963
0.678518
1.260494
0.119430
0.407330
0.793696
0.111590
0.163513
0.269897
0.570091
0.941324
0.172910
0.464307
1.629944
1.513862
0.872821
0.266323
0.602439
0.328504
0.361462
0.222434
2.441881
0.693629
0.392271
0.015876
0.195205
0.983714
0.047567
1.078919
0.291058
0.044732
0.318325
0.788863
0.025630
0.340793
0.584731
0.286417
0.174362
0.467375
0.392855
0.063329
1.115549
0.962455
0.381791
1.261193
0.480447
0.017033
1.421446
0.549236
0.082147
0.011029
0.696925
0.239716
0.071068
0.554646
0.404940
0.873097
0.460881
0.299310
0.198654
2.399682
1.512788
0.033101
2.380072
0.714368
0.145288
0.764458
0.524503
0.494960
1.026312
0.179815
0.848441
0.418452
0.237378
1.791398
0.039331
0.442976
0.925061
0.032312
0.982223
0.374232
0.402832
0.186288
0.730097
0.077586
0.331982
0.229128
0.396659
0.115566
0.390449
0.007115
0.490961
0.444772
0.077753
0.190024
0.291253
0.900368
2.391443
0.448023
0.767339
0.231257
1.170238
1.466094
2.494985
0.481017
0.043797
0.121498
0.126068
0.470312
0.213440
0.283958
0.724634
0.050520
0.014844
0.132922
0.519436
0.137253
1.315857
0.376439
0.398158
0.356775
0.031748
0.506959
0.441469
0.618066
0.203090
1.097631
0.275592
0.733237
0.000743
0.435203
1.328372
0.098383
0.000995
0.008456
0.227761
0.866844
0.123175
0.537766
0.806856
0.139513
1.112050
0.441773
0.268366
0.238610
0.093816
0.899049
0.849817
0.116468
0.029555
0.079704
0.249646
0.223403
1.380610
0.722075
0.092338
1.115958
1.620403
1.601495
0.346364
0.517975
1.188342
0.100907
3.002707
0.169806
0.215201
0.138767
0.609730
0.657425
0.129894
0.122793
2.623487
0.820758
0.156553
0.836771
0.607501
0.281277
1.413792
0.667562
0.164219
1.212272
0.222935
0.763833
0.336819
0.264580
0.112773
0.360303
0.377147
0.189580
0.132335
0.387996
0.275295
0.392623
0.716601
1.331523
0.359321
0.459322
0.049697
0.113219
0.247734
0.393928
0.118498
0.372793
0.684253
0.629359
0.959803
0.462295
0.697880
0.510949
0.055573
0.505288
0.566534
0.174038
0.793836
0.229058
0.967446
1.049351
0.273825
0.793607
0.141457
0.105555
0.965628
0.044670
0.573185
0.674947
0.339014
0.147829
0.017080
0.250400
0.256689
0.312066
0.114279
0.168025
0.132216
0.077160
0.205310
1.036294
1.031335
0.388618
0.564921
0.471727
0.436142
0.300207
0.560199
0.234271
0.187867
0.128940
0.250724
0.682295
0.019457
0.752640
0.802790
0.571689
0.538634
0.073300
0.216615
0.077665
0.347233
0.296198
0.254662
2.059152
0.269526
1.005079
0.191719
0.115871
0.244136
0.255355
0.356947
0.047253
0.507325
1.705790
0.059718
0.836236
0.239058
0.059261
0.737618
1.730313
0.646800
0.806547
0.930219
0.857586
0.314430
0.329798
0.042693
0.701497
1.183725
1.540316
1.476442
0.307682
0.703771
0.242033
0.947302
0.104613
0.031646
0.109510
0.164481
0.098405
0.344000
0.679240
0.375048
1.233069
0.084353
0.005101
0.183793
0.592102
0.101957
0.012124
0.170833
1.137549
0.167855
0.093611
0.177167
0.355272
0.791703
0.550235
1.004109
0.297601
0.118784
0.108070
0.026756
0.465546
0.198552
0.220371
0.241537
0.022570
0.251572
0.085535
0.083633
1.129960
0.099705
0.590904
0.309051
0.211454
1.763973
0.362256
1.272838
0.122750
0.392313
0.138171
0.805999
0.032658
0.137155
1.461991
0.382902
0.311580
0.203574
1.883415
1.803957
0.338468
0.334622
0.071177
0.276754
0.103556
0.411225
0.237197
1.034761
0.557989
0.812607
0.598468
0.139465
0.330964
0.207817
0.294531
0.041007
0.982280
1.690344
1.428601
0.085540
0.027197
0.319802
0.962033
0.470436
0.515666
0.021742
0.017694
1.366250
0.324401
0.306854
0.314636
0.280462
0.260262
0.054761
0.167661
0.130773
0.055738
0.280625
0.545860
1.182633
0.701979
0.796063
0.183073
0.498524
0.074729
0.187673
0.186541
0.442155
2.129486
0.018131
0.109494
0.312330
0.642853
0.917786
0.125958
0.001688
1.362476
0.058769
0.277983
0.145390
0.075419
0.601949
0.351328
0.234735
0.210332
1.184753
1.001932
0.026931
0.917510
0.089228
0.130333
0.327152
0.486247
0.394742
0.057974
1.959353
0.715461
0.474478
1.807229
3.043450
0.444806
0.285671
0.510044
0.675920
0.015761
0.600723
0.326268
0.457786
0.071044
0.022778
0.386125
0.179456
0.822809
1.743573
0.424434
1.272813
0.148633
0.214393
0.202565
0.227417
0.017250
0.278631
0.343169
1.808732
0.232121
0.145896
1.645139
0.705296
0.034175
0.150291
0.173132
0.742304
0.173773
1.283558
0.613156
1.007738
0.938620
0.559016
0.377957
1.201738
0.111011
0.423980
0.369996
0.168413
0.405167
0.127985
0.533418
0.078512
0.634707
0.498661
1.614389
0.501518
0.617826
0.465439
0.752473
0.549729
1.674699
1.080316
0.722877
0.025996
0.039778
0.766709
1.152633
0.103933
0.912856
0.002464
0.277467
0.141111
1.176928
0.059715
0.234438
0.927659
0.459222
0.964210
0.370495
0.049351
0.191624
0.499964
0.315260
2.714743
0.412409
0.283714
0.459787
0.235799
0.210958
0.173516
0.254063
1.609208
0.230400
0.923151
0.261841
0.279607
1.278098
0.586886
0.200691
0.076009
1.224898
0.188105
0.738851
1.081693
0.233111
0.225135
0.041744
0.696906
0.070652
0.518080
0.018458
0.076285
0.660037
0.153607
0.020703
0.068280
0.137173
2.055132
0.118370
0.085661
0.111014
0.232978
0.186377
0.450201
0.308221
0.426791
0.661419
0.493024
0.016073
0.075926
0.539031
0.359708
0.119478
1.143000
0.461598
0.371605
0.360378
1.230905
0.618433
0.659151
0.589499
0.409321
0.313275
0.433269
1.174407
0.416200
0.056206
0.178366
0.756782
0.135620
0.115074
0.098690
0.698024
0.699854
1.102640
0.501213
0.876394
0.131405
0.513806
0.334551
0.585716
1.182741
0.083221
1.691287
0.494849
0.062004
0.294330
0.556445
1.570872
0.818730
0.507344
0.737050
0.143331
1.141664
0.095235
0.469432
0.035328
0.977730
0.045242
0.890969
0.596822
0.367067
0.179759
0.560293
0.393320
0.508467
0.189466
0.079693
0.346585
0.602021
0.094767
0.746178
0.478631
0.000337
0.035814
0.388000
1.272362
0.024607
1.005100
0.521900
0.381596
0.307725
0.418324
1.897106
0.008907
0.219947
0.041888
0.033269
0.097465
0.426120
0.430236
0.107617
0.553919
1.440988
0.333295
0.213773
0.975308
1.207663
0.337404
0.054342
0.997167
0.388601
0.097289
1.225720
0.051187
0.178310
1.155612
0.484860
0.423670
0.385488
0.428851
0.434894
0.289692
0.707162
0.289202
0.769629
0.380372
0.445098
0.181154
0.157057
0.909945
0.879283
2.215230
0.017245
1.016868
0.630536
0.336302
1.437235
0.858314
0.655175
0.631537
0.548954
1.554936
0.431199
0.286137
0.139838
0.388835
0.037859
0.560725
0.146376
0.572800
0.730373
0.206922
1.245571
0.240168
0.070465
1.778202
0.195820
0.261126
0.042371
0.436459
1.847473
0.285005
0.250487
0.422947
0.736874
0.479420
0.707308
0.071521
0.940412
2.794384
0.009036
0.514851
0.027564
0.290599
0.212291
0.854247
0.197703
0.811763
0.599480
1.620276
0.646872
0.487167
0.120559
0.111647
0.246528
0.742933
0.616338
0.163539
0.088107
0.554294
0.727453
0.467989
0.036458
0.481578
0.422933
0.392985
0.139656
0.346226
0.298856
0.393692
0.059849
1.764025
0.196311
0.627018
0.236894
0.126934
0.050367
0.299584
0.059361
0.723857
2.403778
0.145024
0.361019
0.180065
0.010032
0.463753
0.571792
0.242527
0.282168
0.348154
0.297782
0.322922
0.148204
0.670334
0.772674
0.430218
0.035171
0.065202
0.242452
0.063050
0.155586
0.955942
0.048275
0.210943
0.248817
0.561733
1.382226
0.685921
0.517167
0.512694
0.255528
0.151518
0.562465
0.243379
0.007845
0.564555
0.385543
0.038041
0.258854
0.056739
0.738412
1.210998
1.554449
0.309842
0.258965
0.260625
0.013021
0.164763
0.748573
0.333137
0.271018
0.750053
0.096856
0.104772
0.236022
0.166944
1.335929
1.531881
0.396805
0.266545
0.079007
2.036771
0.176266
0.525028
0.439932
0.015931
0.370595
0.174026
0.334302
1.383706
0.674069
0.753463
0.697867
0.241685
0.606253
0.339674
0.842495
0.761366
0.272335
0.174765
1.065084
0.213106
0.209494
0.140387
1.437557
0.905398
0.049526
0.083937
0.189870
0.448777
3.927253
0.321249
0.243079
0.392634
0.133631
0.372637
0.399342
1.243645
0.269936
0.243680
1.602501
0.004238
0.965377
0.423708
0.413155
0.190093
0.789426
1.073246
1.027321
0.496219
0.123253
0.287350
0.097182
0.419376
0.639337
0.176815
1.129251
0.319807
0.732823
0.374204
1.072841
0.987477
0.510665
0.137149
0.036561
0.970940
0.196824
0.532624
0.470863
0.123933
0.743507
0.088052
0.863810
0.029239
0.220504
1.005166
0.481400
0.181549
0.021170
0.295923
2.045493
0.686174
0.095321
0.410781
0.827628
0.570730
0.344959
0.642148
0.183262
0.086187
0.550882
0.378028
0.652623
0.859973
0.708931
0.280410
0.138698
1.907337
0.225728
1.379565
0.217225
0.624233
0.228272
0.564239
0.543338
0.579962
0.021966
0.421537
1.274938
0.365302
0.243128
0.050462
0.001117
0.001143
0.098646
0.057749
0.233519
0.358747
0.255990
0.287962
0.466629
0.362308
0.159000
0.326199
0.100550
0.537346
2.452385
0.522554
0.040441
1.380558
0.087932
0.127073
0.169222
0.957618
1.179508
0.025250
0.461274
0.003169
0.594627
0.006298
1.216884
0.291896
0.106392
0.235968
0.080839
0.207213
0.481266
0.057251
0.834691
0.478458
0.207212
0.274530
0.640242
0.090409
0.347559
0.315838
1.066128
0.043041
0.121052
0.458910
0.075532
0.142928
0.136905
0.979208
0.223978
0.369252
0.424111
0.110237
0.016362
0.051973
0.264722
0.984720
0.836040
0.351939
0.130506
0.028948
0.092553
0.786776
0.546562
0.282308
0.386996
0.156598
0.694748
1.142671
0.774420
0.385581
0.174917
0.135106
0.394261
0.200009
0.406262
0.673246
0.266571
0.393653
0.456694
1.199554
0.751685
0.381587
0.014538
0.324190
0.114489
0.052066
0.289870
0.499450
1.341698
0.340649
0.401048
0.705043
0.296666
0.568367
0.106925
0.703784
0.527274
0.504672
0.464131
1.045230
0.003776
0.836147
0.550893
0.244225
0.817131
0.351771
0.160064
0.417242
0.730185
0.409340
0.300954
0.239302
0.251105
0.028382
0.031175
0.218275
0.649464
0.307797
0.317597
0.019229
1.825827
0.106049
0.193848
1.222066
0.177979
1.384683
0.659001
0.143045
0.604955
0.085469
1.101990
0.444011
0.576314
1.031983
0.234635
0.056639
0.585322
0.276558
0.275828
0.847776
0.126463
0.097269
0.452586
0.484941
0.314669
0.054081
0.256340
1.007344
0.700464
0.106228
0.569746
0.425950
1.417829
0.221289
0.452131
0.387740
0.835522
0.445618
0.135489
0.243354
0.475273
0.155110
0.088439
1.614617
0.766324
0.119144
0.211441
0.099230
2.832424
0.171782
0.061271
0.903832
0.521352
0.007468
0.169914
0.078810
0.433274
0.468247
0.397117
0.065648
0.534659
0.112830
0.489332
0.793189
0.631484
0.463561
0.096976
0.536632
0.105666
1.557055
1.108695
0.058701
0.436549
1.218604
0.156977
0.001311
0.507591
0.629741
1.048157
0.180673
0.387408
0.258987
0.190669
0.072405
1.064541
0.466972
0.086985
0.309156
0.241993
0.049065
0.291984
0.064934
0.103511
1.429829
0.985064
0.837916
0.678852
0.177328
0.220887
0.602105
0.554938
0.922522
0.699609
0.387635
0.515673
0.865962
0.282043
0.151904
0.382017
1.195655
0.497529
0.135083
0.546384
0.806994
0.542477
0.775387
0.026760
0.709836
1.436498
0.985651
0.608947
0.030168
0.545049
0.029594
2.388908
0.018683
0.218637
0.956829
0.092587
0.099556
0.103834
0.836118
0.517338
0.022168
0.473684
0.474918
0.493736
1.042460
0.568689
0.340725
0.493446
0.389546
0.137100
1.782838
0.137504
0.057096
0.196553
0.097168
1.177015
0.362182
0.244250
0.218415
1.239364
0.208918
0.287947
0.320708
0.643442
0.089373
0.031469
0.606482
0.199321
0.420499
0.015788
0.083584
0.109404
0.877734
0.470546
0.315045
0.128314
0.030736
0.477098
0.089822
0.301907
0.436235
1.111252
0.000513
0.023765
0.484282
0.038278
0.610927
0.257313
1.110208
0.786709
0.583139
0.859190
0.207107
0.054016
0.246360
0.190443
0.456339
0.112810
1.890442
2.492351
0.598194
0.519045
0.448100
0.182460
0.173536
0.351481
0.087687
0.092408
1.211782
0.417951
0.536097
0.586152
0.422264
0.286143
0.787720
1.618527
0.050489
0.286602
0.398512
0.363260
0.310025
0.671932
0.548690
0.821100
0.425037
0.106653
2.016455
0.615807
0.989003
0.190506
1.477133
0.062958
0.063112
0.026362
0.405383
0.219626
1.128217
0.055852
1.126270
0.029972
0.198543
0.287752
0.861537
0.306435
0.067748
0.379085
0.060159
0.450066
1.342125
0.042424
0.279635
0.354897
0.044809
0.219979
1.463696
0.092186
0.428799
0.345855
0.523505
0.893073
0.354444
0.722778
1.310370
0.696173
0.314835
0.117164
0.765736
0.106866
0.032087
0.162203
0.006930
0.291494
0.297550
0.549914
0.116865
1.072277
0.180272
0.044398
0.863274
0.378211
0.538497
0.093464
0.092104
0.119908
0.273866
0.145721
0.743062
0.083243
0.407447
1.383964
0.198966
0.719514
1.328297
0.744467
0.692505
0.131283
0.499986
0.029281
0.127921
0.565118
0.277998
0.002242
0.017171
0.578719
0.459969
0.810290
0.289508
0.663137
1.339707
0.079243
0.226437
0.963888
0.708778
0.414134
0.900770
1.899648
0.408688
0.163782
0.348677
0.170028
0.173637
0.373047
0.031951
0.028252
0.231294
0.060869
0.350662
0.160542
0.619133
0.028621
2.010908
0.206748
0.214381
0.730296
1.860765
0.336838
0.714650
0.034997
0.262356
0.317363
0.878991
0.266292
0.284987
0.304937
0.360120
0.042719
0.354329
0.238947
0.112119
0.483847
0.019133
0.077175
2.113891
0.217314
0.806528
1.779306
0.970661
0.793280
0.049251
0.961486
0.137867
2.546726
0.008942
0.559640
0.285090
0.154251
0.208373
0.633186
0.043448
0.683608
0.156468
0.277256
1.491809
3.205638
0.879786
0.893952
0.232129
0.481712
0.722423
0.134781
0.619296
0.096301
0.551781
1.593934
1.560848
0.948824
0.107270
0.496252
0.131270
0.267221
0.658257
0.077807
0.560869
0.313917
0.889032
0.454432
0.965529
1.456155
0.807696
0.621633
0.052732
0.103908
0.032500
0.423742
0.122269
0.191661
0.248085
0.094099
0.172740
0.163728
1.067332
0.129596
0.063570
1.480828
0.076753
1.328486
0.216632
0.454422
0.448035
1.160174
0.371105
0.047341
0.284662
0.206914
0.372824
0.388672
1.866746
0.366465
0.168140
0.363530
0.194811
0.080521
0.052797
0.540189
0.082298
0.125831
0.180127
0.274011
1.182514
0.152959
0.494764
0.489614
1.011267
0.512152
1.324463
0.292226
0.029051
0.410856
0.000127
1.425854
0.176837
0.347674
0.515157
0.059815
0.225383
0.228224
1.536566
0.081417
0.848463
0.554740
0.651459
0.824580
0.335602
1.605818
0.396575
0.217186
0.028641
0.062545
0.343540
0.579979
0.048963
0.031540
0.657766
0.037533
0.005625
0.451570
1.930170
0.475975
1.627013
0.131271
0.632471
0.403989
0.260334
0.436038
0.593922
0.085099
0.559195
0.927666
0.028799
0.014876
1.285226
0.546550
0.300709
0.017806
0.610087
0.795352
0.241021
0.520403
0.727606
0.019388
0.371914
0.101852
0.475329
0.165700
0.063199
0.429178
0.102091
0.449647
0.325521
0.715525
0.146655
1.038885
0.404897
0.841493
0.565828
0.071154
0.131010
0.204953
0.290185
0.214188
0.726720
0.626708
0.005677
1.271269
0.658928
0.423132
0.920499
0.007278
0.395506
0.698007
1.128388
0.174320
1.507955
0.490523
2.145692
0.400667
1.167386
0.430258
0.350677
0.986152
0.587372
0.402007
0.346093
0.319444
0.211255
0.262366
0.568235
0.051974
0.862293
0.823286
0.115552
0.605573
0.462001
0.442802
0.030742
2.538016
0.125135
1.038229
2.233054
0.780784
0.236451
0.026465
0.026229
0.717816
1.041379
1.069172
0.694072
0.162652
1.043404
0.433269
0.598944
0.054580
0.953212
0.213856
0.314445
0.653717
0.271829
0.611077
1.129321
1.372168
0.013393
0.691556
1.987088
1.002663
0.549444
0.101383
0.042188
0.455180
0.685857
0.473223
0.013327
0.105826
0.961223
0.031398
0.254165
0.157069
0.273840
1.265579
1.101610
0.300672
0.036051
0.116522
0.015597
0.265396
0.913628
0.289616
0.097960
0.106316
0.048705
0.593346
0.224666
1.278673
0.570246
0.377112
0.407817
0.003798
0.163592
0.222633
0.014180
2.362796
0.276937
0.230311
0.558268
0.857954
0.310708
0.624132
0.680787
0.058471
0.661443
0.718748
1.051242
0.117492
0.209606
0.282175
0.609433
0.747956
0.029859
0.049402
0.186361
1.485143
0.821695
0.224152
0.043402
0.182883
0.292092
0.089556
0.424674
0.381042
0.110657
1.699937
0.198670
0.454841
0.437029
0.264036
2.707970
0.533490
0.237556
0.421714
0.237966
0.165458
0.220429
0.900162
0.075447
0.386647
0.176954
0.988175
0.049779
0.334098
0.215563
0.252499
0.856239
0.539747
0.044373
1.775707
1.276590
0.030879
0.084054
0.433880
1.633683
0.101321
0.035697
0.250070
0.107354
0.248956
0.219364
0.442843
0.095625
0.261182
1.349552
0.132945
0.675057
0.234909
0.472935
0.004061
0.802372
0.595261
0.169601
0.723167
0.155719
1.266993
0.115227
0.719831
0.019828
0.736724
0.060999
0.560281
0.026390
0.524857
0.344387
0.333514
0.478875
0.128129
0.571167
0.268169
0.027073
1.931225
1.420658
0.022964
0.349778
0.528815
0.105887
0.493924
0.087947
0.120192
0.009541
0.495032
2.065028
0.259749
0.229337
0.202888
0.082016
0.194850
0.583737
0.498722
0.195623
0.301895
1.005840
0.088560
1.252014
0.645147
0.334161
1.317750
0.978466
0.104363
0.486465
0.265220
0.890892
0.058089
0.363417
0.022455
0.695103
0.121990
0.401777
0.601895
0.853340
0.272746
0.203872
1.202600
1.224767
0.256706
1.117347
1.221322
0.156806
0.962881
0.006585
0.295735
0.027341
0.418314
0.790490
0.592863
0.400716
0.016620
0.092189
1.524677
0.541443
0.308956
0.005796
0.397754
0.923782
0.127970
0.379405
0.356898
0.516043
0.448321
0.881166
1.740571
0.608184
0.620738
0.333895
0.203111
0.639707
0.119568
0.140009
0.532585
1.118783
0.090290
0.179123
0.040999
0.116795
1.366830
0.039152
0.698969
0.746611
0.149192
0.224049
0.075975
0.439420
0.136573
0.038794
0.376035
0.095472
0.031055
0.388713
0.022165
2.906229
0.406750
0.440695
0.324407
0.269143
0.448402
0.059666
0.620467
0.977817
0.350451
0.685099
0.700536
0.542839
0.149511
0.674408
0.167379
0.813525
0.176095
0.356183
0.350739
0.474504
0.058939
0.033626
1.167225
0.186893
2.054813
0.513075
0.232823
0.429450
0.610395
3.538523
1.015348
1.121167
3.741295
0.682846
0.350638
0.127390
1.026565
0.145897
0.267650
0.532985
0.094930
0.059887
0.635365
0.287916
0.645874
0.711023
2.014197
0.214563
0.063693
0.188614
1.694316
0.089761
0.669155
0.297494
0.797886
0.983193
0.344827
0.414593
0.194100
0.051499
0.051976
0.139628
0.138882
1.520095
0.022702
0.911328
0.031862
2.128207
0.577235
0.181749
0.487108
0.665141
0.886338
0.078995
1.278640
0.692470
1.265999
0.036690
1.375656
0.755579
0.096918
0.727387
0.616701
0.286260
0.569311
0.152879
0.087794
0.260031
0.958118
0.102444
0.136600
0.312483
0.477157
1.288901
0.471506
0.165476
0.195902
0.564874
1.296232
1.349361
0.426380
0.165555
0.936973
0.108566
1.135926
0.165610
0.076706
0.013019
0.286639
0.215477
0.632831
0.988569
0.279283
1.375452
2.668338
0.221842
0.095673
0.035486
0.151974
0.204503
2.382847
0.182030
0.084552
1.483502
0.459234
0.519064
0.830513
0.313247
0.750852
0.474904
0.045875
0.004127
0.730375
0.008133
0.742334
0.230475
1.228515
0.022600
0.025448
1.197337
0.111975
0.728882
0.107219
0.425233
0.110656
0.379093
0.651125
0.419241
0.988329
0.188577
0.393844
0.493097
1.278449
0.541074
0.011702
0.325453
0.006568
0.192693
1.166472
0.222309
0.265041
1.283491
0.608687
0.057686
2.167630
0.535833
1.050000
0.873390
2.521953
0.091011
0.036398
0.010577
0.350604
0.000120
0.704235
0.072388
0.782751
0.181135
0.323183
0.031735
0.080882
0.000451
0.453105
0.018876
0.061933
0.245965
1.688344
0.371234
0.436763
0.183840
0.003424
0.011371
0.378343
2.024616
0.506010
0.163093
0.226189
1.594492
0.119882
1.157533
0.280086
0.640245
0.348942
0.025290
0.069281
0.827106
0.489756
0.516110
1.381932
0.955593
0.252299
1.453464
0.341441
0.456458
0.081007
0.602274
0.144174
0.031039
0.380190
0.037204
1.380279
1.872938
0.695922
0.085449
0.334366
0.234530
1.094022
0.720606
0.176567
0.975178
0.094512
0.179733
0.014758
0.139308
0.674726
0.040143
0.175020
0.835027
0.052008
1.384144
0.124703
0.719140
0.224293
0.298626
0.194993
0.394734
0.295774
0.284914
0.373010
0.059397
0.456752
0.148109
0.312864
0.238158
0.051253
0.203060
0.491007
0.005272
0.095411
1.246994
0.281584
0.015127
0.657814
0.578612
0.455837
0.020241
3.547795
0.013625
0.529136
0.299907
0.922259
0.377468
0.301159
0.625839
0.040273
0.647321
1.211833
0.278474
0.338766
0.280703
0.248392
0.493131
0.422068
0.641298
0.512313
0.053870
0.725837
0.394585
0.084151
1.366877
0.121111
0.679275
0.210446
0.649770
0.508914
0.054416
0.452848
0.520047
0.339464
1.374868
0.019234
0.540416
0.051350
0.339534
0.085452
0.987205
0.216798
0.195605
0.102669
0.446583
0.120326
0.488655
0.387842
0.057539
0.084975
0.064527
0.022639
0.581301
0.367835
0.497575
0.437088
0.875935
0.572239
1.418603
0.566127
0.667392
0.406557
0.061209
0.408966
0.141916
0.270314
0.458195
0.090675
0.198900
0.798361
0.986039
0.703581
0.093339
0.229779
0.972397
0.964737
0.540938
1.162922
1.151200
0.782987
1.307003
0.271290
1.058164
0.084984
0.441173
0.491199
0.328060
0.157203
0.514244
0.351900
0.419429
0.702136
0.348000
0.329172
0.699210
1.025699
0.704732
0.926034
0.617614
2.013532
0.143456
0.074688
0.092021
0.597380
0.049388
0.029351
1.189437
0.411640
0.028362
0.344663
0.312063
0.012242
0.339025
0.166583
0.655778
0.325754
0.922524
0.186033
0.498480
0.958668
1.443975
0.134058
2.509549
0.035756
1.712541
0.633541
0.170675
0.792449
0.053389
0.722850
0.073577
0.221538
0.086787
0.678127
1.859213
0.055329
2.963448
0.109523
0.134236
0.502471
0.021058
0.202019
1.044411
0.236909
0.227072
0.471848
0.612967
0.706622
0.315324
0.573874
0.201971
0.755263
0.009651
0.356952
0.068978
