0.003607
0.047004
0.036074
0.007362
0.017101
0.014923
0.026360
0.038865
0.002464
0.000719
0.045161
0.014175
0.035917
0.000053
0.014737
0.031962
0.006494
0.072634
0.057924
0.000777
0.000644
0.019490
0.069983
0.012000
0.006103
0.013710
0.000737
0.006266
0.014401
0.017120
0.006634
0.006562
0.006172
0.015386
0.008555
0.000543
0.045439
0.020324
0.025701
0.005142
0.122466
0.049143
0.003221
0.010113
0.031957
0.031050
0.068895
0.013709
0.044304
0.027740
0.009037
0.022143
0.053528
0.046802
0.017594
0.022229
0.000878
0.006951
0.039914
0.013374
0.004749
0.019896
0.030354
0.028059
0.011738
0.014449
0.017754
0.037677
0.018398
0.012491
0.016819
0.000751
0.001112
0.030383
0.102141
0.022485
0.012505
0.004669
0.017441
0.100541
0.036799
0.019392
0.049205
0.006605
0.018027
0.076158
0.021557
0.015364
0.007843
0.019852
0.078732
0.000143
0.038272
0.042938
0.054328
0.033725
0.041405
0.018280
0.020602
0.013882
0.001444
0.051007
0.021099
0.005574
0.017566
0.016586
0.011032
0.010619
0.019331
0.024420
0.023698
0.015319
0.000709
0.006521
0.004876
0.021954
0.049334
0.040042
0.039876
0.042380
0.007369
0.046089
0.027954
0.002173
0.000421
0.000367
0.035222
0.007177
0.002899
0.024508
0.010556
0.001801
0.004348
0.018737
0.004602
0.007968
0.031084
0.015161
0.009715
0.016050
0.000598
0.012217
0.013658
0.005208
0.002879
0.057519
0.017840
0.005864
0.023263
0.042462
0.000526
0.000451
0.003959
0.031720
0.004366
0.030486
0.028344
0.019670
0.006231
0.092824
0.039964
0.018173
0.006314
0.026139
0.012559
0.021441
0.009687
0.024920
0.001515
0.008867
0.085975
0.052093
0.009146
0.048889
0.009290
0.070041
0.034049
0.013454
0.007271
0.000213
0.052741
0.000966
0.042789
0.081887
0.021116
0.004704
0.050582
0.091026
0.030437
0.017776
0.011869
0.010652
0.005759
0.028033
0.014183
0.005395
0.002757
0.027412
0.008777
0.017319
0.009839
0.051319
0.057484
0.000456
0.005605
0.009928
0.108666
0.038162
0.010354
0.005989
0.028056
0.045458
0.067275
0.010534
0.053510
0.029048
0.016565
0.105854
0.006685
0.032317
0.002212
0.004649
0.060475
0.005987
0.035586
0.022920
0.045992
0.011476
0.010399
0.008605
0.050514
0.023157
0.077146
0.054568
0.003636
0.020028
0.002753
0.000998
0.001900
0.050279
0.038793
0.044080
0.010422
0.023875
0.038070
0.011872
0.021145
0.006331
0.002132
0.007756
0.055357
0.020778
0.064779
0.015302
0.008115
0.038663
0.043973
0.000311
0.027748
0.002404
0.003057
0.054084
0.001021
0.006849
0.110904
0.013662
0.003070
0.004580
0.006908
0.034065
0.002713
0.060412
0.011882
0.087885
0.059984
0.008704
0.007306
0.016205
0.002638
0.026392
0.001011
0.000264
0.101259
0.008758
0.022694
0.014939
0.009396
0.001626
0.061159
0.087509
0.087495
0.002952
0.006058
0.024046
0.097742
0.019572
0.029134
0.027105
0.007497
0.019500
0.009180
0.007072
0.002122
0.008240
0.102424
0.014851
0.026390
0.025783
0.070643
0.012377
0.009160
0.009909
0.009522
0.046955
0.055990
0.009017
0.010174
0.019644
0.021627
0.022656
0.007029
0.000515
0.006985
0.001877
0.020030
0.001839
0.001953
0.025223
0.008591
0.039278
0.016994
0.049630
0.004186
0.017400
0.039617
0.002006
0.074510
0.004756
0.037426
0.104820
0.043086
0.009634
0.002826
0.018057
0.062943
0.008685
0.056051
0.003819
0.060333
0.000807
0.009497
0.058349
0.040723
0.059420
0.045927
0.034279
0.029247
0.004905
0.014169
0.004296
0.031366
0.027549
0.007278
0.001665
0.082683
0.041289
0.019922
0.019488
0.047644
0.015097
0.012593
0.010338
0.007459
0.000618
0.025992
0.013476
0.021134
0.001609
0.010960
0.003721
0.003342
0.007498
0.044143
0.012679
0.012816
0.023697
0.006649
0.000188
0.018807
0.017374
0.026163
0.014420
0.029000
0.032865
0.006808
0.017083
0.016292
0.006374
0.013286
0.020548
0.059363
0.062437
0.008047
0.025991
0.001235
0.001856
0.017920
0.052476
0.004343
0.036314
0.053642
0.009342
0.029487
0.047260
0.011615
0.030206
0.033335
0.022571
0.048497
0.056730
0.080521
0.021171
0.004848
0.007212
0.006135
0.021071
0.035445
0.001339
0.028614
0.031571
0.010692
0.018093
0.004502
0.032724
0.001039
0.099375
0.041249
0.024752
0.007783
0.061007
0.080124
0.003745
0.037376
0.046118
0.026949
0.030133
0.014722
0.064527
0.088691
0.012046
0.040577
0.014181
0.004501
0.009843
0.003376
0.059891
0.080115
0.003173
0.022950
0.013116
0.003142
0.008756
0.007133
0.034615
0.000100
0.005263
0.014441
0.000531
0.024690
0.023261
0.045096
0.005786
0.008379
0.019541
0.007978
0.022031
0.007221
0.028763
0.039146
0.041342
0.090875
0.019707
0.016873
0.048396
0.036641
0.021131
0.012083
0.008354
0.002861
0.041198
0.003141
0.034385
0.019702
0.083771
0.035789
0.090784
0.003672
0.017347
0.021250
0.009322
0.017481
0.011033
0.018790
0.000021
0.014599
0.014926
0.009089
0.012746
0.038207
0.028754
0.016947
0.026080
0.011853
0.005701
0.000097
0.008130
0.022793
0.053355
0.044214
0.017883
0.108605
0.015478
0.044984
0.013147
0.034126
0.109735
0.009108
0.004668
0.024192
0.018926
0.011135
0.000088
0.012323
0.013872
0.012990
0.049376
0.021952
0.033091
0.057047
0.034535
0.016966
0.034238
0.025566
0.026156
0.024834
0.013064
0.024806
0.025110
0.069162
0.038136
0.046814
0.036472
0.042229
0.023251
0.010748
0.007683
0.030777
0.051775
0.019645
0.004124
0.044740
0.016568
0.015736
0.001161
0.017848
0.034138
0.013730
0.010969
0.026739
0.000498
0.017689
0.073028
0.029316
0.012851
0.029192
0.023221
0.005858
0.005821
0.054294
0.007836
0.001946
0.044399
0.018516
0.011480
0.017911
0.033364
0.004615
0.026466
0.031245
0.042185
0.007860
0.023519
0.006603
0.020584
0.004730
0.038989
0.050382
0.009999
0.006286
0.082959
0.030663
0.046414
0.000775
0.057413
0.024351
0.009514
0.014131
0.035844
0.038476
0.005265
0.024580
0.004527
0.090344
0.014656
0.061088
0.032572
0.023302
0.007595
0.018695
0.003730
0.003715
0.031448
0.011200
0.034795
0.006877
0.031660
0.031689
0.009114
0.002812
0.012646
0.016950
0.002633
0.005168
0.001423
0.022752
0.054928
0.006101
0.000883
0.030428
0.042173
0.083190
0.023745
0.010481
0.045484
0.003141
0.029493
0.002502
0.012758
0.017081
0.011866
0.004616
0.006590
0.042891
0.015524
0.021684
0.005953
0.031376
0.010016
0.022512
0.060057
0.129595
0.001183
0.039918
0.048726
0.009626
0.012078
0.021703
0.062783
0.012768
0.053013
0.035528
0.004130
0.061242
0.000382
0.003922
0.027327
0.001470
0.011930
0.003481
0.015539
0.045811
0.059134
0.000903
0.001570
0.045912
0.001094
0.007991
0.003123
0.002386
0.000700
0.025369
0.034125
0.029021
0.046709
0.027193
0.012345
0.024928
0.087329
0.025653
0.006963
0.001552
0.068398
0.022320
0.010755
0.023244
0.020539
0.018463
0.001568
0.010894
0.013303
0.005559
0.053029
0.013796
0.027146
0.031254
0.033995
0.031924
0.034879
0.007245
0.093667
0.004093
0.062724
0.048201
0.047791
0.001356
0.002391
0.041924
0.015833
0.011561
0.104477
0.001024
0.018954
0.014645
0.003430
0.012571
0.030745
0.053494
0.000623
0.018585
0.002368
0.040285
0.002242
0.000870
0.012122
0.032976
0.009393
0.003482
0.039567
0.041116
0.048424
0.009051
0.013827
0.007039
0.020365
0.010016
0.010337
0.038268
0.078258
0.021935
0.002765
0.026430
0.014883
0.110635
0.031769
0.045013
0.030207
0.019176
0.056782
0.044538
0.008609
0.004271
0.011565
0.018405
0.002561
0.010592
0.021386
0.001114
0.042178
0.026325
0.009409
0.008857
0.010870
0.009837
0.034509
0.017382
0.018670
0.004026
0.061457
0.009847
0.009921
0.001783
0.097076
0.016334
0.061013
0.065645
0.087458
0.042270
0.064905
0.063869
0.040407
0.003614
0.018543
0.021427
0.122313
0.038306
0.030344
0.034324
0.011219
0.071318
0.025786
0.012878
0.015617
0.097496
0.018989
0.004592
0.004015
0.029058
0.020683
0.059327
0.005102
0.013238
0.032545
0.001285
0.002612
0.019725
0.007722
0.002827
0.007585
0.025001
0.018684
0.002044
0.001890
0.047533
0.025767
0.004760
0.049482
0.000552
0.011476
0.047036
0.030971
0.008343
0.055475
0.022787
0.050154
0.055825
0.013854
0.028144
0.019658
0.072390
0.040007
0.032349
0.042055
0.157449
0.007412
0.005621
0.034338
0.036778
0.018053
0.016691
0.012927
0.053575
0.039769
0.021963
0.001024
0.047619
0.015333
0.005261
0.008894
0.029387
0.000138
0.003197
0.009012
0.054552
0.034345
0.088333
0.019578
0.021214
0.020039
0.018644
0.019524
0.042672
0.076637
0.013119
0.024854
0.009196
0.008985
0.017647
0.022063
0.019962
0.093854
0.004447
0.025311
0.130217
0.033308
0.020862
0.011486
0.012860
0.068927
0.056424
0.027692
0.057254
0.064811
0.046826
0.012089
0.015608
0.039730
0.011656
0.034594
0.016417
0.010257
0.015227
0.003097
0.010943
0.013412
0.000458
0.004721
0.007536
0.048778
0.022264
0.008462
0.152163
0.007457
0.018028
0.033631
0.029386
0.014207
0.037514
0.016628
0.031422
0.016901
0.088942
0.031485
0.002396
0.003466
0.084916
0.006509
0.000662
0.007300
0.016338
0.076002
0.012734
0.032139
0.044949
0.002335
0.023662
0.136724
0.019940
0.019115
0.010643
0.073018
0.087332
0.002722
0.020121
0.013602
0.027842
0.003157
0.007708
0.008169
0.016334
0.039410
0.048771
0.038594
0.028238
0.002281
0.012346
0.027618
0.008712
0.017723
0.058868
0.003087
0.048083
0.002796
0.012209
0.058950
0.005616
0.018388
0.013472
0.054720
0.120911
0.008513
0.016955
0.056346
0.019675
0.006040
0.035643
0.010278
0.016637
0.000215
0.112672
0.026771
0.065029
0.086592
0.007783
0.019442
0.014507
0.035663
0.046190
0.006487
0.008025
0.030627
0.013261
0.003487
0.005432
0.020573
0.022813
0.080517
0.019024
0.023475
0.004029
0.013352
0.008205
0.029721
0.007767
0.006033
0.011459
0.015898
0.010327
0.023268
0.004998
0.052988
0.029618
0.019130
0.001498
0.009863
0.029288
0.025895
0.041777
0.055527
0.009472
0.017017
0.010013
0.003422
0.003774
0.007409
0.002304
0.019349
0.030344
0.020700
0.028861
0.006413
0.005560
0.020959
0.053916
0.013716
0.000106
0.000506
0.009107
0.023887
0.002209
0.006357
0.028540
0.104979
0.010429
0.022979
0.018268
0.000585
0.010006
0.003754
0.007219
0.036740
0.028580
0.001047
0.002013
0.032268
0.002723
0.009532
0.007845
0.001276
0.000792
0.003743
0.012743
0.067841
0.025429
0.006929
0.028458
0.007993
0.018102
0.009709
0.074237
0.010861
0.040685
0.025624
0.046340
0.023295
0.051080
0.012987
0.028408
0.024232
0.018755
0.020778
0.019184
0.012512
0.057148
0.025041
0.019914
0.001386
0.017759
0.004814
0.006053
0.014256
0.019739
0.007206
0.007900
0.018883
0.016025
0.012908
0.002738
0.011689
0.026563
0.019642
0.019673
0.046418
0.032108
0.028847
0.000772
0.009209
0.028675
0.004233
0.061182
0.003827
0.052824
0.006092
0.046064
0.047135
0.010217
0.054864
0.004352
0.047280
0.012021
0.014483
0.003135
0.022970
0.007859
0.027481
0.040160
0.023139
0.000205
0.076089
0.063044
0.025746
0.011931
0.020633
0.053599
0.015383
0.037765
0.022817
0.013717
0.067774
0.013124
0.023271
0.001369
0.015908
0.000953
0.030446
0.000015
0.001074
0.002945
0.003758
0.017736
0.011013
0.007899
0.102798
0.059922
0.026595
0.040498
0.042829
0.007032
0.041294
0.006855
0.020659
0.011068
0.004319
0.037498
0.062025
0.009411
0.052957
0.010626
0.026791
0.136755
0.036968
0.001432
0.014268
0.011802
0.008701
0.042339
0.014541
0.030036
0.025192
0.018297
0.001442
0.027948
0.055498
0.004725
0.025733
0.016708
0.010425
0.030984
0.092422
0.000548
0.056900
0.012082
0.044871
0.004801
0.031522
0.002626
0.010222
0.087588
0.026723
0.038373
0.015465
0.015927
0.016963
0.037087
0.032116
0.005385
0.014522
0.019523
0.021182
0.065354
0.045775
0.004059
0.011795
0.002884
0.000664
0.001938
0.005052
0.036319
0.027507
0.039971
0.008510
0.004226
0.089478
0.043721
0.073334
0.000474
0.012627
0.025114
0.033302
0.060946
0.019290
0.012390
0.000133
0.040724
0.100655
0.059445
0.027138
0.010482
0.006833
0.037294
0.068500
0.080677
0.004828
0.022008
0.017993
0.013940
0.039546
0.068637
0.032241
0.030125
0.029329
0.026501
0.019237
0.007123
0.037794
0.003170
0.025813
0.012234
0.020522
0.025641
0.016296
0.095525
0.006834
0.000306
0.077671
0.009349
0.008146
0.013427
0.022595
0.106923
0.030734
0.009580
0.019126
0.014886
0.017408
0.013515
0.004587
0.012583
0.012320
0.005601
0.042446
0.011157
0.004107
0.020918
0.046583
0.037917
0.024324
0.032830
0.010241
0.003850
0.007360
0.010745
0.008183
0.015767
0.004035
0.003489
0.007283
0.005470
0.040449
0.019281
0.005529
0.014019
0.051377
0.021546
0.020181
0.012411
0.005449
0.024548
0.002007
0.038567
0.001481
0.034295
0.012057
0.028675
0.022351
0.003458
0.019332
0.001927
0.006901
0.012018
0.008410
0.027100
0.108254
0.011035
0.045596
0.006376
0.030889
0.010682
0.019162
0.002319
0.043913
0.005856
0.015565
0.008573
0.041545
0.022449
0.023875
0.035137
0.007356
0.001500
0.044087
0.009481
0.041819
0.078455
0.024802
0.002726
0.048102
0.025089
0.007056
0.005826
0.017718
0.003240
0.059117
0.030763
0.042770
0.012105
0.064161
0.003595
0.031492
0.007346
0.000091
0.003221
0.005627
0.036029
0.011872
0.016446
0.023771
0.007788
0.025433
0.027836
0.063575
0.017472
0.048325
0.085857
0.036622
0.013670
0.007936
0.002571
0.044450
0.003470
0.020497
0.015125
0.001147
0.006031
0.043276
0.019340
0.064556
0.059642
0.002469
0.028339
0.001090
0.013733
0.014575
0.078590
0.022616
0.005268
0.017821
0.018445
0.005487
0.011147
0.052490
0.099710
0.037500
0.001667
0.059079
0.015333
0.044903
0.004863
0.003995
0.059288
0.008405
0.001100
0.017381
0.116592
0.045121
0.012617
0.124310
0.039823
0.046139
0.025969
0.012538
0.059034
0.015902
0.068197
0.020085
0.060159
0.016212
0.013914
0.022210
0.009543
0.004045
0.022249
0.047589
0.008136
0.050066
0.038677
0.037367
0.013409
0.167246
0.039121
0.021430
0.003012
0.021322
0.000362
0.058123
0.010263
0.011485
0.020012
0.025366
0.021850
0.016586
0.025152
0.046956
0.014774
0.017333
0.041564
0.000085
0.004380
0.009827
0.006018
0.056587
0.004011
0.002854
0.009539
0.017764
0.043076
0.135946
0.047742
0.023466
0.000958
0.001639
0.024906
0.042854
0.007715
0.087021
0.019984
0.021319
0.024099
0.001947
0.004670
0.068797
0.007775
0.002174
0.008297
0.032379
0.007623
0.005911
0.008113
0.016368
0.033442
0.008964
0.051690
0.093120
0.043152
0.001952
0.009475
0.065020
0.049043
0.003575
0.014595
0.011312
0.034406
0.000728
0.009476
0.034635
0.054480
0.001037
0.022190
0.027237
0.051573
0.013816
0.090344
0.005498
0.003047
0.003483
0.022091
0.003265
0.007751
0.005463
0.001422
0.082008
0.010196
0.083117
0.032115
0.006204
0.067408
0.000235
0.099960
0.000820
0.007303
0.020072
0.000231
0.036174
0.002211
0.042469
0.000893
0.018778
0.005875
0.008519
0.016857
0.011606
0.012439
0.026492
0.005430
0.005007
0.028832
0.008809
0.067560
0.013889
0.016062
0.000586
0.000522
0.002767
0.024563
0.027307
0.076017
0.014162
0.030747
0.010525
0.001924
0.013626
0.030235
0.040770
0.075905
0.044621
0.020731
0.019983
0.017383
0.016233
0.028524
0.021433
0.048651
0.014949
0.015927
0.044607
0.028147
0.018582
0.020721
0.040959
0.023373
0.007499
0.009285
0.023197
0.001173
0.015293
0.055619
0.006604
0.014682
0.030058
0.064925
0.029791
0.024576
0.012108
0.014378
0.025677
0.011014
0.038413
0.000206
0.034800
0.033874
0.009148
0.000377
0.010318
0.022240
0.038655
0.051076
0.005848
0.002132
0.003193
0.112857
0.025922
0.003435
0.029341
0.080148
0.023376
0.006618
0.082012
0.030145
0.005052
0.036334
0.017538
0.021335
0.011384
0.008695
0.013637
0.018685
0.015472
0.050297
0.001928
0.005547
0.069317
0.023403
0.024028
0.024839
0.006976
0.012550
0.005898
0.004121
0.113939
0.034046
0.052827
0.000037
0.030475
0.009178
0.017224
0.028118
0.000792
0.011581
0.020180
0.051862
0.017998
0.009553
0.023143
0.021903
0.008643
0.019855
0.008078
0.000284
0.009303
0.002260
0.016926
0.017386
0.051048
0.034449
0.034595
0.114256
0.007686
0.011660
0.006552
0.002703
0.018102
0.017902
0.003474
0.063950
0.095997
0.001769
0.000079
0.001595
0.032894
0.047852
0.001711
0.000225
0.019302
0.010113
0.000473
0.000221
0.005936
0.005582
0.008752
0.020000
0.007238
0.006649
0.005917
0.054509
0.006815
0.020261
0.015066
0.010064
0.013054
0.000403
0.005116
0.025551
0.035833
0.006159
0.004856
0.059030
0.002572
0.039602
0.052604
0.003954
0.044740
0.004065
0.001102
0.008430
0.010552
0.022262
0.014608
0.039431
0.027323
0.003173
0.005653
0.034277
0.003081
0.076247
0.041724
0.006206
0.008426
0.007263
0.013741
0.007147
0.000820
0.007251
0.005417
0.010767
0.015141
0.051849
0.026938
0.023894
0.049975
0.012216
0.013882
0.007009
0.044329
0.052463
0.060430
0.023217
0.003021
0.001875
0.039930
0.054172
0.018997
0.063384
0.066759
0.035137
0.011573
0.015236
0.010842
0.012607
0.015934
0.000431
0.003405
0.004599
0.020915
0.051317
0.031067
0.004048
0.015298
0.024675
0.003631
0.002076
0.023671
0.006711
0.025895
0.004705
0.048432
0.009267
0.013981
0.019961
0.054365
0.062036
0.046575
0.028841
0.001792
0.005169
0.019122
0.105206
0.032379
0.005319
0.011001
0.082062
0.017719
0.051067
0.048797
0.038055
0.024657
0.027404
0.010467
0.003208
0.074184
0.000829
0.007898
0.023791
0.083761
0.005898
0.007091
0.047082
0.009903
0.012894
0.011147
0.001268
0.071106
0.029911
0.000171
0.002555
0.003639
0.011507
0.055255
0.003796
0.006472
0.009329
0.017869
0.057839
0.019384
0.058469
0.019518
0.014146
0.051289
0.021737
0.016108
0.017959
0.010987
0.014189
0.001926
0.005742
0.035992
0.003585
0.005838
0.004466
0.011270
0.001264
0.011170
0.023521
0.028328
0.050500
0.002278
0.025808
0.005464
0.010480
0.021399
0.045497
0.027763
0.105496
0.000453
0.009498
0.016366
0.000922
0.001345
0.011423
0.020477
0.003641
0.001769
0.009599
0.033824
0.020935
0.143649
0.023228
0.055272
0.021268
0.016392
0.013427
0.001854
0.001625
0.026853
0.049006
0.000481
0.004968
0.009918
0.009388
0.044924
0.007272
0.009140
0.016715
0.075300
0.008722
0.025108
0.001246
0.014116
0.065505
0.006128
0.011019
0.026543
0.020841
0.021452
0.023448
0.028128
0.009740
0.010836
0.012646
0.018471
0.020926
0.051780
0.012598
0.014912
0.044692
0.088576
0.006956
0.032773
0.007113
0.033785
0.000982
0.017688
0.021098
0.030065
0.062232
0.039630
0.020700
0.017188
0.000333
0.020111
0.020651
0.033880
0.004520
0.022208
0.001324
0.032357
0.043094
0.014396
0.029094
0.027141
0.009046
0.002310
0.035470
0.011043
0.004400
0.014594
0.044735
0.077079
0.020945
0.087545
0.004762
0.016854
0.000210
0.006663
0.052300
0.001531
0.026564
0.017810
0.109705
0.126272
0.003291
0.007598
0.118954
0.010010
0.004976
0.060696
0.024007
0.009210
0.020208
0.013940
0.015312
0.020081
0.004652
0.023902
0.077621
0.022415
0.038720
0.008301
0.004199
0.000161
0.099506
0.003169
0.011951
0.026585
0.033163
0.024067
0.014476
0.042176
0.014601
0.045091
0.001388
0.032004
0.002559
0.012258
0.014647
0.005022
0.014898
0.047915
0.000927
0.005389
0.092845
0.014944
0.012347
0.060945
0.037389
0.004765
0.022775
0.004974
0.037372
0.020323
0.040060
0.001678
0.065779
0.006528
0.047392
0.014567
0.054922
0.002680
0.001382
0.015791
0.066649
0.015652
0.017705
0.004484
0.019469
0.013931
0.054712
0.033768
0.016241
0.004032
0.003944
0.088726
0.023605
0.006371
0.041647
0.006088
0.015128
0.052425
0.002729
0.002716
0.001350
0.004113
0.011731
0.009702
0.008217
0.000357
0.016693
0.014736
0.033754
0.009028
0.021758
0.009391
0.034959
0.004783
0.016802
0.014755
0.015346
0.019311
0.019204
0.009508
0.043447
0.075648
0.020468
0.025230
0.032152
0.009634
0.022430
0.015525
0.016562
0.012528
0.019211
0.006152
0.006895
0.005584
0.022565
0.007037
0.037925
0.058926
0.035649
0.009948
0.071458
0.010551
0.011218
0.022614
0.027020
0.013142
0.038622
0.048023
0.008513
0.006359
0.012664
0.029984
0.027703
0.004828
0.012304
0.058034
0.080413
0.023173
0.037867
0.045784
0.006282
0.001704
0.023627
0.012141
0.031012
0.008692
0.014227
0.041294
0.002447
0.013100
0.004158
0.019069
0.032991
0.108933
0.035007
0.003894
0.014362
0.019532
0.025386
0.030170
0.090584
0.071272
0.005848
0.004311
0.087690
0.004374
0.086227
0.003191
0.021984
0.003478
0.003591
0.010155
0.039466
0.030289
0.009542
0.003686
0.011104
0.004784
0.006698
0.017177
0.016771
0.063973
0.002351
0.019030
0.020799
0.003851
0.011177
0.003709
0.056024
0.010714
0.001676
0.016117
0.018824
0.054559
0.031743
0.005771
0.059745
0.000127
0.029867
0.001077
0.042826
0.005249
0.039899
0.041972
0.036904
0.002918
0.012782
0.002768
0.031702
0.128158
0.018492
0.026386
0.027495
0.003850
0.011609
0.010727
0.034720
0.013250
0.011473
0.019907
0.005765
0.001688
0.006795
0.000527
0.027676
0.015255
0.023970
0.020969
0.001393
0.042195
0.042714
0.000190
0.014061
0.038512
0.013423
0.049115
0.029703
0.027017
0.059050
0.037735
0.021985
0.001211
0.015150
0.029178
0.018514
0.021971
0.010745
0.046001
0.007040
0.025509
0.014351
0.004026
0.000482
0.003479
0.008499
0.015984
0.000678
0.001737
0.039791
0.098095
0.014097
0.015862
0.023076
0.002547
0.019342
0.028023
0.072182
0.025762
0.019681
0.013196
0.060710
0.018524
0.016233
0.033085
0.014400
0.001741
0.022402
0.050251
0.011524
0.002528
0.002793
0.059200
0.002944
0.026547
0.002289
0.017955
0.060532
0.006680
0.009182
0.023628
0.021302
0.020552
0.012441
0.001044
0.022611
0.008101
0.024218
0.014401
0.007820
0.136751
0.009702
0.088553
0.016238
0.019090
0.007830
0.004773
0.030617
0.015199
0.021997
0.005040
0.017832
0.026874
0.035653
0.027456
0.013352
0.028899
0.022712
0.016224
0.024877
0.009145
0.001631
0.003999
0.090040
0.055805
0.043866
0.007500
0.045636
0.038964
0.019479
0.009024
0.002825
0.152843
0.167608
0.047580
0.014754
0.032700
0.060337
0.019522
0.003342
0.093525
0.019290
0.036701
0.024355
0.001674
0.015496
0.000301
0.007728
0.081451
0.029398
0.020850
0.002971
0.028899
0.023250
0.025366
0.029146
0.065741
0.014826
0.023605
0.018863
0.022230
0.028435
0.005205
0.001429
0.003092
0.001091
0.020247
0.009100
0.038387
0.004415
0.004068
0.050175
0.002349
0.010881
0.029284
0.020679
0.007759
0.003617
0.021554
0.007129
0.048464
0.007692
0.067613
0.000550
0.023599
0.008294
0.016090
0.014340
0.041400
0.005122
0.036504
0.000866
0.025316
0.043385
0.014027
0.047275
0.010954
0.010962
0.060432
0.116143
0.038919
0.006517
0.071339
0.011374
0.050560
0.009711
0.006136
0.007450
0.029355
0.097256
0.018399
0.002835
0.028857
0.057206
0.038026
0.000046
0.009356
0.037462
0.030212
0.138547
0.057115
0.040015
0.029243
0.011973
0.000891
0.036543
0.015269
0.050062
0.003533
0.048650
0.025922
0.054317
0.030206
0.014324
0.018143
0.002588
0.006943
0.021388
0.004894
0.011098
0.025763
0.022581
0.056067
0.014194
0.020166
0.013698
0.035150
0.024566
0.072670
0.003814
0.003401
0.008650
0.023944
0.025439
0.005628
0.007916
0.022623
0.007676
0.044283
0.002818
0.038153
0.004152
0.031312
0.038093
0.071803
0.058089
0.000620
0.027047
0.060315
0.036772
0.015137
0.034685
0.008355
0.040624
0.013036
0.088430
0.000707
0.021850
0.003480
0.036326
0.088086
0.016930
0.046023
0.006632
0.000714
0.040644
0.013214
0.002195
0.027926
0.057844
0.002188
0.023591
0.010678
0.001084
0.001901
0.001160
0.009157
0.009200
0.019275
0.024238
0.047501
0.048489
0.004692
0.024698
0.052320
0.007189
0.023096
0.111151
0.025155
0.030226
0.009305
0.122379
0.044513
0.009743
0.008981
0.000120
0.016404
0.051670
0.038418
0.003991
0.006916
0.004396
0.007515
0.005659
0.004508
0.020140
0.061407
0.048208
0.024277
0.009502
0.059744
0.005926
0.000986
0.006084
0.039024
0.030156
0.009306
0.006206
0.025351
0.017911
0.039509
0.014758
0.002178
0.001826
0.006563
0.018536
0.031359
0.020305
0.000246
0.076418
0.015320
0.019432
0.005336
0.006973
0.006026
0.023314
0.059834
0.007667
0.010749
0.008474
0.000738
0.000264
0.037964
0.094878
0.001083
0.002001
0.015044
0.009068
0.007080
0.050961
0.005363
0.005413
0.059120
0.024400
0.028962
0.027593
0.000653
0.095351
0.000730
0.006450
0.016119
0.045445
0.074621
0.000222
0.003724
0.000403
0.003687
0.061264
0.002213
0.019368
0.005418
0.000199
0.008203
0.007492
0.019565
0.051741
0.018880
0.019051
0.008176
0.004960
0.016314
0.012521
0.057998
0.005838
0.000649
0.001326
0.009537
0.006175
0.012642
0.053062
0.032564
0.022498
0.044586
0.052814
0.001679
0.029210
0.003513
0.013223
0.012342
0.007923
0.001135
0.005401
0.030636
0.078853
0.060079
0.000579
0.021074
0.005290
0.018395
0.019067
0.004430
0.002301
0.016368
0.001351
0.045980
0.054882
0.000374
0.040344
0.045611
0.001014
0.022117
0.016103
0.004816
0.042704
0.020885
0.041828
0.068379
0.087564
0.027164
0.051563
0.001639
0.010308
0.016101
0.017947
0.011455
0.042455
0.021826
0.046872
0.014633
0.071084
0.010996
0.124787
0.020886
0.011839
0.024231
0.002808
0.029029
0.022897
0.040893
0.001968
0.013596
0.022062
0.001569
0.035952
0.057668
0.024567
0.036115
0.072251
0.015159
0.017931
0.054774
0.028234
0.008098
0.022254
0.036460
0.046476
0.003476
0.004571
0.029076
0.031468
0.032691
0.016798
0.012102
0.080737
0.007351
0.008449
0.000628
0.002206
0.024538
0.027170
0.006177
0.033685
0.004671
0.011629
0.025316
0.037552
0.015075
0.041303
0.015969
0.027259
0.044820
0.020678
0.020668
0.067547
0.000865
0.000473
0.000927
0.009310
0.019284
0.024051
0.028594
0.000430
0.051764
0.006780
0.085605
0.010610
0.046573
0.031178
0.000580
0.017939
0.012510
0.125459
0.006598
0.012564
0.004786
0.000117
0.019326
0.024195
0.004435
0.045431
0.006279
0.069257
0.027976
0.088737
0.014401
0.045564
0.023236
0.031379
0.013213
0.017904
0.007932
0.010274
0.064940
0.002038
0.044619
0.034655
0.004418
0.014078
0.045090
0.017774
0.017722
0.017518
0.004716
0.116986
0.034492
0.008407
0.010667
0.030744
0.051028
0.020046
0.008434
0.011112
0.019670
0.054363
0.030429
0.006390
0.000507
0.026783
0.007639
0.052315
0.004372
0.139973
0.040331
0.007271
0.000396
0.042972
0.002928
0.004124
0.012127
0.004736
0.002490
0.019919
0.026589
0.038465
0.001491
0.001316
0.015983
0.033841
0.005826
0.022627
0.002928
0.057230
0.051696
0.068861
0.012319
0.002156
0.042530
0.014557
0.010750
0.013939
0.030876
0.032555
0.014310
0.007749
0.004088
0.001357
0.081898
0.085493
0.001741
0.022474
0.090433
0.021444
0.088225
0.003925
0.031765
0.046016
0.003043
0.005714
0.073279
0.006636
0.023962
0.060693
0.031060
0.037076
0.008883
0.047353
0.003721
0.012769
0.016792
0.030428
0.000867
0.001954
0.011477
0.004230
0.060106
0.014660
0.022244
0.013884
0.049022
0.064953
0.057649
0.002115
0.023598
0.037510
0.062385
0.020307
0.015868
0.004845
0.000205
0.000609
0.008163
0.031851
0.012865
0.019515
0.007914
0.090576
0.063253
0.007664
0.012125
0.002784
0.012575
0.006907
0.032423
0.009375
0.028950
0.000673
0.030670
0.025357
0.008577
0.036855
0.049912
0.059053
0.029644
0.014456
0.021976
0.035891
0.009486
0.053718
0.038623
0.029632
0.035574
0.001314
0.041916
0.014793
0.028997
0.026296
0.013771
0.033272
0.048748
0.129805
0.000442
0.061602
0.037299
0.022637
0.035913
0.010702
0.012959
0.001036
0.065918
0.041167
0.018164
0.023708
0.043417
0.004544
0.021115
0.032100
0.021853
0.094013
0.007403
0.028435
0.037750
0.012390
0.070442
0.013277
0.003959
0.004670
0.012486
0.108482
0.061603
0.057466
0.027205
0.017496
0.025704
0.023233
0.077377
0.012478
0.012432
0.032662
0.040713
0.033612
0.004347
0.025099
0.007828
0.008011
0.007374
0.000221
0.003184
0.027854
0.039731
0.002825
0.073294
0.015676
0.038134
0.001060
0.002083
0.042124
0.002537
0.000954
0.026792
0.001120
0.013401
0.042204
0.003027
0.046228
0.060232
0.092283
0.023807
0.043057
0.004336
0.021340
0.052064
0.050160
0.004706
0.044111
0.012690
0.017960
0.039895
0.027585
0.009862
0.048443
0.066758
0.041328
0.001277
0.000382
0.021420
0.002618
0.002279
0.051239
0.001219
0.008253
0.009096
0.067406
0.073309
0.038379
0.015341
0.003117
0.082973
0.006323
0.025622
0.037681
0.017819
0.054180
0.069887
0.011394
0.030895
0.002479
0.014093
0.027882
0.008032
0.011679
0.035622
0.005926
0.063883
0.003796
0.006307
0.023824
0.006536
0.045808
0.011111
0.003402
0.027644
0.013941
0.024448
0.002968
0.001362
0.008751
0.018098
0.005550
0.005837
0.045221
0.006928
0.010655
0.051256
0.154150
0.036987
0.003786
0.036172
0.002370
0.040176
0.008074
0.006187
0.013884
0.003835
0.027480
0.043308
0.027442
0.039916
0.004397
0.007955
0.045411
0.009883
0.034353
0.020919
0.004043
0.006254
0.064189
0.058052
0.022656
0.000402
0.000423
0.069410
0.040068
0.029922
0.007513
0.059836
0.001897
0.029121
0.029134
0.011563
0.041878
0.005254
0.081901
0.067538
0.010352
0.010004
0.039605
0.010504
0.022201
0.029370
0.072621
0.035059
0.008069
0.010895
0.001950
0.040782
0.046559
0.006309
0.015967
0.010621
0.008311
0.000742
0.022579
0.075137
0.004690
0.035080
0.037072
0.019168
0.047106
0.013761
0.024268
0.001761
0.004143
0.022110
0.046164
0.016068
0.067799
0.017018
0.013197
0.038268
0.063346
0.057813
0.026934
0.006050
0.009233
0.020384
0.000921
0.008874
0.038775
0.007229
0.026117
0.009056
0.003579
0.010141
0.009685
0.008140
0.009298
0.062710
0.021377
0.017190
0.007669
0.008555
0.040151
0.010162
0.004035
0.012246
0.027972
0.070644
0.044740
0.017074
0.004613
0.054304
0.001009
0.021857
0.088971
0.009531
0.018501
0.009113
0.013426
0.002880
0.024032
0.030218
0.003459
0.000262
0.006908
0.010936
0.014253
0.031152
0.018366
0.000831
0.000480
0.014656
0.004612
0.041283
0.034258
0.040761
0.023984
0.005876
0.039268
0.008537
0.004507
0.000992
0.012373
0.077517
0.028814
0.026969
0.011951
0.014324
0.060092
0.170956
0.010147
0.022161
0.016683
0.005678
0.017903
0.002328
0.039761
0.012964
0.026555
0.037885
0.006712
0.073760
0.108464
0.016605
0.001874
0.025507
0.028370
0.006153
0.037622
0.008279
0.007530
0.002229
0.024122
0.035265
0.029629
0.009113
0.008821
0.001386
0.004826
0.007340
0.005855
0.001076
0.012739
0.000250
0.017493
0.000068
0.012018
0.002546
0.004417
0.029835
0.001885
0.037902
0.028519
0.025598
0.018917
0.032019
0.006222
0.013028
0.000451
0.000106
0.013433
0.023985
0.084158
0.045644
0.001371
0.062338
0.012596
0.013378
0.004334
0.002401
0.015034
0.019654
0.047793
0.027311
0.005324
0.022648
0.042979
0.007106
0.008649
0.007453
0.089519
0.003979
0.025022
0.011223
0.032260
0.017343
0.006177
0.049096
0.019256
0.000555
0.006166
0.004620
0.009718
0.004442
0.025908
0.023444
0.012271
0.007444
0.025211
0.011771
0.036523
0.049869
0.031788
0.069973
0.008965
0.047618
0.013009
0.048784
0.024020
0.008442
0.008222
0.048625
0.016508
0.004141
0.021693
0.003814
0.001578
0.007535
0.037294
0.005835
0.049781
0.001027
0.010278
0.000107
0.029116
0.023872
0.038359
0.042267
0.059590
0.013776
0.011417
0.023448
0.016636
0.005379
0.014165
0.012422
0.054934
0.002109
0.032441
0.030604
0.061326
0.021008
0.030546
0.003284
0.051714
0.001333
0.023414
0.002989
0.006508
0.029085
0.012099
0.028970
0.006215
0.002519
0.010649
0.017617
0.041490
0.050319
0.011887
0.071475
0.020710
0.005091
0.017512
0.028476
0.035991
0.003182
0.089866
0.020354
0.000123
0.008403
0.044624
0.001399
0.009342
0.028363
0.003408
0.031641
0.022255
0.007814
0.041566
0.001894
0.005371
0.036140
0.023034
0.006103
0.012463
0.047146
0.004752
0.001665
0.017254
0.005701
0.028685
0.007010
0.005246
0.023784
0.080228
0.019870
0.084701
0.119460
0.034815
0.021337
0.011637
0.002054
0.018784
0.004940
0.020922
0.014209
0.020344
0.021433
0.020526
0.065616
0.020181
0.003126
0.053941
0.033829
0.011461
0.014664
0.020652
0.012430
0.027690
0.156766
0.001344
0.062381
0.115239
0.049691
0.015561
0.027210
0.015715
0.011679
0.004247
0.005609
0.016216
0.008288
0.005832
0.023478
0.008306
0.044641
0.002305
0.006436
0.013809
0.006026
0.045349
0.016942
0.001592
0.005704
0.029986
0.009240
0.008895
0.005917
0.000314
0.035501
0.009848
0.006993
0.002780
0.017600
0.033559
0.073473
0.067444
0.000435
0.017128
0.016604
0.019920
0.013901
0.065628
0.022531
0.014315
0.082257
0.018239
0.000204
0.024657
0.083873
0.026471
0.005570
0.045545
0.000910
0.046944
0.003622
0.046001
0.004915
0.003956
0.007246
0.017528
0.029462
0.017958
0.001840
0.073479
0.045592
0.011417
0.000959
0.013163
0.082475
0.076918
0.004623
0.005488
0.094125
0.010334
0.029772
0.066108
0.043691
0.040783
0.023711
0.041225
0.006704
0.058617
0.005990
0.003289
0.036705
0.118927
0.035575
0.024398
0.002330
0.018786
0.004917
0.019454
0.013181
0.003779
0.019632
0.039191
0.031363
0.003776
0.068854
0.067199
0.011106
0.095179
0.005283
0.012782
0.045965
0.002246
0.012535
0.000246
0.005943
0.011004
0.044897
0.024541
0.002492
0.039805
0.035573
0.009157
0.004758
0.033188
0.069343
0.006188
0.010011
0.010102
0.085256
0.001308
0.000469
0.005021
0.015516
0.084441
0.000936
0.039942
0.018633
0.055232
0.083036
0.031639
0.007189
0.060310
0.000298
0.110458
0.013331
0.007867
0.053642
0.017252
0.012184
0.009105
0.013584
0.007132
0.018242
0.014316
0.007663
0.000146
0.004108
0.037983
0.030827
0.064334
0.004038
0.065264
0.054568
0.010773
0.077251
0.103095
0.046709
0.020350
0.051211
0.004191
0.003561
0.003737
0.029666
0.080562
0.005402
0.003679
0.054157
0.052628
0.003401
0.000850
0.008152
0.007971
0.000186
0.003927
0.045068
0.001647
0.015229
0.031514
0.031301
0.009255
0.003587
0.013882
0.011158
0.014852
0.008646
0.016118
0.091610
0.000200
0.006532
0.047275
0.017303
0.038302
0.002061
0.114883
0.000063
0.038570
0.007041
0.031094
0.040832
0.033153
0.077424
0.006291
0.047786
0.024037
0.005063
0.006154
0.002374
0.058201
0.010026
0.010651
0.003253
0.040625
0.020311
0.005725
0.039646
0.019219
0.039337
0.030592
0.014112
0.011016
0.055831
0.004995
0.002679
0.048923
0.029072
0.065017
0.023582
0.180517
0.014114
0.001638
0.027412
0.007249
0.012442
0.011486
0.009877
0.018174
0.022822
0.001833
0.055929
0.010679
0.033415
0.010639
0.003178
0.009985
0.006381
0.009065
0.027578
0.028371
0.005315
0.030545
0.023930
0.004428
0.021691
0.001466
0.027015
0.007722
0.022252
0.069403
0.030633
0.020423
0.021092
0.007119
0.015802
0.001403
0.016974
0.086198
0.017482
0.034079
0.058254
0.020864
0.003477
0.115430
0.017778
0.013965
0.001618
0.032114
0.046916
0.018987
0.005118
0.030628
0.005254
0.010657
0.006822
0.018711
0.026222
0.020430
0.004514
0.006688
0.006200
0.017856
0.082889
0.026651
0.049049
0.002365
0.000625
0.019665
0.006521
0.010108
0.032824
0.002462
0.052684
0.013302
0.022524
0.001084
0.001604
0.027966
0.000964
0.025312
0.009327
0.008925
0.077820
0.049715
0.009161
0.012151
0.008726
0.003193
0.076657
0.026307
0.031336
0.013791
0.005848
0.024910
0.007047
0.061178
0.072494
0.086026
0.006047
0.008777
0.049580
0.015641
0.020428
0.031284
0.005906
0.015536
0.002181
0.000783
0.086338
0.032010
0.024313
0.005731
0.008748
0.063025
0.127458
0.025718
0.064243
0.012551
0.046413
0.032546
0.006254
0.063679
0.000355
0.007812
0.017005
0.069545
0.010849
0.002898
0.032049
0.027718
0.003193
0.029208
0.012278
0.013666
0.070612
0.044644
0.094558
0.030276
0.012215
0.011692
0.003821
0.001760
0.017923
0.004351
0.021816
0.005961
0.017466
0.057085
0.015653
0.064621
0.008951
0.003619
0.030717
0.014216
0.027614
0.021611
0.014305
0.011286
0.006143
0.118704
0.005682
0.015457
0.055731
0.042360
0.101373
0.024416
0.008371
0.050631
0.001702
0.071332
0.014843
0.028641
0.056123
0.018291
0.042926
0.045606
0.017785
0.060528
0.007134
0.004270
0.030783
0.043457
0.013266
0.000767
0.014022
0.006384
0.001866
0.004515
0.023046
0.011930
0.039830
0.006208
0.023147
0.007811
0.008346
0.004057
0.033873
0.008271
0.027760
0.029159
0.020195
0.027129
0.028634
0.002561
0.037022
0.018264
0.042121
0.002939
0.001481
0.026001
0.009177
0.104955
0.009141
0.015000
0.010545
0.020459
0.005976
0.080699
0.008000
0.062985
0.104757
0.010321
0.042433
0.056687
0.000907
0.088345
0.012101
0.010348
0.040664
0.004581
0.000692
0.086196
0.000445
0.025394
0.021035
0.013633
0.043742
0.042359
0.000615
0.024065
0.048889
0.012321
0.003324
0.021346
0.000416
0.012101
0.017293
0.006045
0.022014
0.043962
0.015969
0.019538
0.005246
0.000210
0.015961
0.007210
0.024944
0.002650
0.015061
0.018159
0.038281
0.001336
0.055006
0.004178
0.062606
0.041755
0.055248
0.064918
0.002160
0.011226
0.022440
0.010058
0.026990
0.051065
0.005689
0.009556
0.051239
0.010027
0.002128
0.034351
0.008676
0.021888
0.001702
0.020812
0.042042
0.014700
0.011317
0.036704
0.018618
0.016107
0.004789
0.028396
0.044150
0.000008
0.009222
0.026361
0.004063
0.048878
0.003608
0.006989
0.015287
0.003713
0.059000
0.017653
0.012340
0.023583
0.034398
0.019645
0.025982
0.028602
0.014324
0.008217
0.003349
0.027171
0.011871
0.076648
0.008017
0.038153
0.014502
0.004214
0.012370
0.024699
0.027973
0.010674
0.006402
0.004244
0.022458
0.028474
0.057830
0.016820
0.010041
0.040077
0.025205
0.032290
0.001666
0.043337
0.012497
0.027768
0.001898
0.000006
0.000763
0.001950
0.002284
0.049380
0.019873
0.001586
0.168458
0.014085
0.028638
0.027142
0.010979
0.043673
0.085264
0.013181
0.010937
0.013737
0.044552
0.017438
0.002678
0.000258
0.027050
0.004010
0.036391
0.022890
0.005928
0.001765
0.027693
0.004366
0.098820
0.018025
0.009902
0.040761
0.024037
0.026871
0.038890
0.015053
0.001122
0.004341
0.118520
0.024451
0.000602
0.004003
0.002820
0.007410
0.026547
0.065524
0.021201
0.017282
0.063811
0.003508
0.057243
0.025738
0.006728
0.036495
0.004807
0.022409
0.015410
0.002841
0.069190
0.005441
0.011377
0.025321
0.007872
0.002488
0.008929
0.011821
0.041114
0.019689
0.063857
0.003751
0.043860
0.106379
0.102117
0.008894
0.002646
0.036103
0.014497
0.025542
0.002573
0.083157
0.012578
0.084202
0.000193
0.008699
0.015841
0.011513
0.005872
0.098165
0.019859
0.069018
0.018296
0.038568
0.025669
0.003706
0.029955
0.034421
0.031544
0.016899
0.001247
0.044316
0.086509
0.001727
0.001089
0.014138
0.033387
0.014917
0.042631
0.053038
0.022631
0.023947
0.025819
0.011595
0.005691
0.060291
0.007512
0.043797
0.018250
0.033618
0.038715
0.053665
0.045556
0.009923
0.044945
0.050844
0.025676
0.005531
0.105135
0.040100
0.012121
0.009025
0.042132
0.026944
0.011727
0.059339
0.115062
0.028373
0.044525
0.022696
0.009094
0.040057
0.030119
0.053211
0.010690
0.069794
0.029673
0.034704
0.046206
0.015180
0.045679
0.055409
0.088437
0.022870
0.001593
0.006907
0.005494
0.003787
0.011896
0.022148
0.114307
0.002146
0.078828
0.019796
0.040366
0.043997
0.010909
0.030332
0.034062
0.009976
0.064636
0.053415
0.000276
0.048199
0.012229
0.078905
0.001506
0.046261
0.017916
0.008090
0.016915
0.044932
0.013979
0.015206
0.053847
0.045906
0.006217
0.017910
0.012810
0.005325
0.005623
0.002964
0.004576
0.013690
0.007289
0.032294
0.002435
0.006852
0.081548
0.021133
0.005081
0.043038
0.000426
0.009107
0.003728
0.013255
0.015737
0.061966
0.017108
0.057368
0.079264
0.001143
0.002801
0.041581
0.008707
0.015561
0.026591
0.013933
0.050391
0.000675
0.007612
0.001597
0.007506
0.106715
0.000728
0.019624
0.006157
0.033797
0.004475
0.034044
0.018328
0.082298
0.002066
0.018533
0.060303
0.018400
0.013869
0.064277
0.044129
0.038045
0.013032
0.009927
0.008282
0.090970
0.002021
0.003629
0.025026
0.053730
0.096550
0.023465
0.049207
0.011304
0.018111
0.036613
0.004803
0.030294
0.013819
0.001163
0.011004
0.033766
0.040186
0.028855
0.032123
0.011551
0.009280
0.012712
0.014419
0.009869
0.054177
0.030146
0.004107
0.003562
0.016242
0.025334
0.029599
0.013929
0.021546
0.023237
0.008709
0.040920
0.010565
0.003522
0.003915
0.026124
0.016076
0.046603
0.052366
0.006622
0.037860
0.028692
0.020674
0.135653
0.004657
0.013618
0.013187
0.007860
0.023985
0.048386
0.016339
0.002112
0.007619
0.031775
0.015376
0.001168
0.007295
0.018887
0.009716
0.005766
0.012002
0.002938
0.054477
0.009691
0.015826
0.018399
0.014905
0.063681
0.004193
0.017030
0.004236
0.001569
0.030478
0.010178
0.033700
0.016740
0.000941
0.002097
0.000676
0.021422
0.012969
0.008620
0.008925
0.014134
0.050056
0.055547
0.043422
0.034248
0.003208
0.011622
0.043099
0.005680
0.032301
0.002878
0.042171
0.007470
0.007460
0.083558
0.002925
0.057507
0.008735
0.008200
0.003900
0.001484
0.011904
0.014693
0.009387
0.000174
0.055429
0.046206
0.024800
0.003666
0.004062
0.016600
0.004714
0.008264
0.006188
0.036684
0.027587
0.005813
0.073945
0.023150
0.039397
0.027804
0.015565
0.015859
0.013931
0.001768
0.071313
0.010559
0.001429
0.002745
0.012094
0.031369
0.017322
0.010045
0.059129
0.001773
0.007810
0.053824
0.015805
0.015660
0.002087
0.022717
0.032568
0.045573
0.003011
0.021177
0.042310
0.055670
0.002445
0.003903
0.059080
0.012043
0.013779
0.033028
0.006155
0.003964
0.020513
0.024022
0.068379
0.002674
0.025919
0.003320
0.021867
0.025784
0.013479
0.012544
0.013354
0.043233
0.047366
0.014996
0.034077
0.014311
0.014523
0.024359
0.023428
0.015277
0.016257
0.049467
0.010088
0.024651
0.003803
0.095085
0.001113
0.037901
0.004552
0.026895
0.000113
0.009897
0.001052
0.013699
0.024129
0.000436
0.019933
0.012843
0.051492
0.012571
0.000697
0.006866
0.051970
0.016642
0.012379
0.009418
0.008508
0.003748
0.020874
0.003770
0.003809
0.003939
0.006761
0.056143
0.005528
0.000779
0.074796
0.016818
0.087650
0.038734
0.015857
0.013969
0.000012
0.013620
0.006814
0.011911
0.048841
0.024122
0.071327
0.036601
0.047966
0.002878
0.018000
0.043224
0.037510
0.042753
0.013986
0.003459
0.018406
0.020966
0.035926
0.011448
0.056935
0.052331
0.034498
0.034127
0.114406
0.002389
0.010764
0.014580
0.013699
0.028196
0.014458
0.011815
0.000715
0.001227
0.016735
0.009738
0.006567
0.000494
0.002005
0.004948
0.016115
0.006570
0.015390
0.033789
0.001965
0.024745
0.035327
0.058746
0.128191
0.005172
0.001112
0.026152
0.019619
0.059041
0.022615
0.043182
0.000278
0.015879
0.005530
0.005007
0.001870
0.072811
0.012424
0.039867
0.037180
0.041260
0.009002
0.036505
0.015155
0.068174
0.028532
0.057026
0.076649
0.011055
0.011032
0.000072
0.044697
0.024032
0.004491
0.024349
0.071565
0.064980
0.117737
0.010271
0.007211
0.000080
0.003870
0.007435
0.024642
0.000157
0.066223
0.026117
0.048715
0.008371
0.018531
0.061325
0.002907
0.002030
0.004052
0.005672
0.004906
0.000793
0.004266
0.014495
0.009664
0.014795
0.017428
0.030718
0.021606
0.088379
0.072421
0.057257
0.018448
0.006968
0.015046
0.016913
0.018037
0.070205
0.027748
0.068740
0.004089
0.025536
0.007701
0.000460
0.000107
0.011581
0.005086
0.009910
0.001081
0.000748
0.007115
0.032291
0.016455
0.032001
0.061851
0.017295
0.022120
0.005565
0.010820
0.034507
0.038547
0.003900
0.005388
0.015483
0.014862
0.023818
0.050303
0.007084
0.002498
0.002307
0.009358
0.011542
0.003254
0.044557
0.011171
0.007171
0.008337
0.053763
0.024795
0.041441
0.003325
0.004580
0.013045
0.015587
0.003671
0.005483
0.002067
0.001887
0.004179
0.006990
0.008969
0.023019
0.168901
0.021301
0.016299
0.012208
0.002875
0.026964
0.015142
0.026910
0.012550
0.005967
0.010143
0.004072
0.007815
0.076116
0.005450
0.022780
0.065037
0.012872
0.009713
0.002842
0.003556
0.065845
0.015890
0.009810
0.001103
0.030894
0.003601
0.017276
0.035116
0.040553
0.048932
0.007442
0.004242
0.003163
0.009560
0.010450
0.005468
0.003240
0.013429
0.013638
0.003569
0.042913
0.002326
0.012301
0.012190
0.012518
0.024084
0.018155
0.023045
0.032936
0.002447
0.084135
0.018521
0.035095
0.005565
0.016012
0.036918
0.009555
0.020377
0.051481
0.018792
0.018560
0.030026
0.063647
0.007545
0.091590
0.033725
0.012490
0.004673
0.007513
0.013054
0.030631
0.012938
0.001379
0.002129
0.070060
0.002071
0.058280
0.061291
0.023594
0.026931
0.048035
0.045185
0.031206
0.035055
0.063933
0.006913
0.013186
0.034905
0.028766
0.012816
0.147867
0.001188
0.005205
0.003992
0.010351
0.069703
0.118974
0.036845
0.013646
0.066228
0.010104
0.019253
0.031584
0.010741
0.030719
0.061983
0.010787
0.037218
0.001850
0.059516
0.015778
0.011035
0.079420
0.002424
0.018113
0.077365
0.011848
0.007625
0.015303
0.027325
0.007652
0.071997
0.061787
0.038352
0.018750
0.013780
0.006743
0.010815
0.015672
0.010064
0.018327
0.000291
0.041061
0.035583
0.038634
0.002606
0.007959
0.006339
0.020804
0.082172
0.011072
0.045007
0.000993
0.027786
0.012305
0.010898
0.027098
0.046540
0.067769
0.013140
0.017788
0.015325
0.001369
0.020348
0.033926
0.063025
0.005972
0.020366
0.039685
0.005580
0.008176
0.013495
0.028505
0.047066
0.008646
0.023215
0.081497
0.075693
0.043641
0.013316
0.030122
0.016425
0.018073
0.011122
0.122094
0.034681
0.019614
0.000794
0.009760
0.049186
0.002378
0.053946
0.014553
0.002237
0.015916
0.039443
0.001282
0.017040
0.029237
0.014321
0.008718
0.023369
0.019643
0.003166
0.055777
0.048123
0.019090
0.063060
0.024022
0.000852
0.071072
0.027462
0.004107
0.000551
0.034846
0.011986
0.003553
0.027732
0.020247
0.043655
0.023044
0.014966
0.009933
0.119984
0.075639
0.001655
0.119004
0.035718
0.007264
0.038223
0.026225
0.024748
0.051316
0.008991
0.042422
0.020923
0.011869
0.089570
0.001967
0.022149
0.046253
0.001616
0.049111
0.018712
0.020142
0.009314
0.036505
0.003879
0.016599
0.011456
0.019833
0.005778
0.019522
0.000356
0.024548
0.022239
0.003888
0.009501
0.014563
0.045018
0.119572
0.022401
0.038367
0.011563
0.058512
0.073305
0.124749
0.024051
0.002190
0.006075
0.006303
0.023516
0.010672
0.014198
0.036232
0.002526
0.000742
0.006646
0.025972
0.006863
0.065793
0.018822
0.019908
0.017839
0.001587
0.025348
0.022073
0.030903
0.010154
0.054882
0.013780
0.036662
0.000037
0.021760
0.066419
0.004919
0.000050
0.000423
0.011388
0.043342
0.006159
0.026888
0.040343
0.006976
0.055602
0.022089
0.013418
0.011931
0.004691
0.044952
0.042491
0.005823
0.001478
0.003985
0.012482
0.011170
0.069030
0.036104
0.004617
0.055798
0.081020
0.080075
0.017318
0.025899
0.059417
0.005045
0.150135
0.008490
0.010760
0.006938
0.030487
0.032871
0.006495
0.006140
0.131174
0.041038
0.007828
0.041839
0.030375
0.014064
0.070690
0.033378
0.008211
0.060614
0.011147
0.038192
0.016841
0.013229
0.005639
0.018015
0.018857
0.009479
0.006617
0.019400
0.013765
0.019631
0.035830
0.066576
0.017966
0.022966
0.002485
0.005661
0.012387
0.019696
0.005925
0.018640
0.034213
0.031468
0.047990
0.023115
0.034894
0.025547
0.002779
0.025264
0.028327
0.008702
0.039692
0.011453
0.048372
0.052468
0.013691
0.039680
0.007073
0.005278
0.048281
0.002234
0.028659
0.033747
0.016951
0.007391
0.000854
0.012520
0.012834
0.015603
0.005714
0.008401
0.006611
0.003858
0.010265
0.051815
0.051567
0.019431
0.028246
0.023586
0.021807
0.015010
0.028010
0.011714
0.009393
0.006447
0.012536
0.034115
0.000973
0.037632
0.040140
0.028584
0.026932
0.003665
0.010831
0.003883
0.017362
0.014810
0.012733
0.102958
0.013476
0.050254
0.009586
0.005794
0.012207
0.012768
0.017847
0.002363
0.025366
0.085289
0.002986
0.041812
0.011953
0.002963
0.036881
0.086516
0.032340
0.040327
0.046511
0.042879
0.015722
0.016490
0.002135
0.035075
0.059186
0.077016
0.073822
0.015384
0.035189
0.012102
0.047365
0.005231
0.001582
0.005475
0.008224
0.004920
0.017200
0.033962
0.018752
0.061653
0.004218
0.000255
0.009190
0.029605
0.005098
0.000606
0.008542
0.056877
0.008393
0.004681
0.008858
0.017764
0.039585
0.027512
0.050205
0.014880
0.005939
0.005403
0.001338
0.023277
0.009928
0.011019
0.012077
0.001128
0.012579
0.004277
0.004182
0.056498
0.004985
0.029545
0.015453
0.010573
0.088199
0.018113
0.063642
0.006138
0.019616
0.006909
0.040300
0.001633
0.006858
0.073100
0.019145
0.015579
0.010179
0.094171
0.090198
0.016923
0.016731
0.003559
0.013838
0.005178
0.020561
0.011860
0.051738
0.027899
0.040630
0.029923
0.006973
0.016548
0.010391
0.014727
0.002050
0.049114
0.084517
0.071430
0.004277
0.001360
0.015990
0.048102
0.023522
0.025783
0.001087
0.000885
0.068312
0.016220
0.015343
0.015732
0.014023
0.013013
0.002738
0.008383
0.006539
0.002787
0.014031
0.027293
0.059132
0.035099
0.039803
0.009154
0.024926
0.003736
0.009384
0.009327
0.022108
0.106474
0.000907
0.005475
0.015616
0.032143
0.045889
0.006298
0.000084
0.068124
0.002938
0.013899
0.007270
0.003771
0.030097
0.017566
0.011737
0.010517
0.059238
0.050097
0.001347
0.045875
0.004461
0.006517
0.016358
0.024312
0.019737
0.002899
0.097968
0.035773
0.023724
0.090361
0.152173
0.022240
0.014284
0.025502
0.033796
0.000788
0.030036
0.016313
0.022889
0.003552
0.001139
0.019306
0.008973
0.041140
0.087179
0.021222
0.063641
0.007432
0.010720
0.010128
0.011371
0.000863
0.013932
0.017158
0.090437
0.011606
0.007295
0.082257
0.035265
0.001709
0.007515
0.008657
0.037115
0.008689
0.064178
0.030658
0.050387
0.046931
0.027951
0.018898
0.060087
0.005551
0.021199
0.018500
0.008421
0.020258
0.006399
0.026671
0.003926
0.031735
0.024933
0.080719
0.025076
0.030891
0.023272
0.037624
0.027486
0.083735
0.054016
0.036144
0.001300
0.001989
0.038335
0.057632
0.005197
0.045643
0.000123
0.013873
0.007056
0.058846
0.002986
0.011722
0.046383
0.022961
0.048211
0.018525
0.002468
0.009581
0.024998
0.015763
0.135737
0.020620
0.014186
0.022989
0.011790
0.010548
0.008676
0.012703
0.080460
0.011520
0.046158
0.013092
0.013980
0.063905
0.029344
0.010035
0.003800
0.061245
0.009405
0.036943
0.054085
0.011656
0.011257
0.002087
0.034845
0.003533
0.025904
0.000923
0.003814
0.033002
0.007680
0.001035
0.003414
0.006859
0.102757
0.005918
0.004283
0.005551
0.011649
0.009319
0.022510
0.015411
0.021340
0.033071
0.024651
0.000804
0.003796
0.026952
0.017985
0.005974
0.057150
0.023080
0.018580
0.018019
0.061545
0.030922
0.032958
0.029475
0.020466
0.015664
0.021663
0.058720
0.020810
0.002810
0.008918
0.037839
0.006781
0.005754
0.004934
0.034901
0.034993
0.055132
0.025061
0.043820
0.006570
0.025690
0.016728
0.029286
0.059137
0.004161
0.084564
0.024742
0.003100
0.014717
0.027822
0.078544
0.040936
0.025367
0.036852
0.007167
0.057083
0.004762
0.023472
0.001766
0.048887
0.002262
0.044548
0.029841
0.018353
0.008988
0.028015
0.019666
0.025423
0.009473
0.003985
0.017329
0.030101
0.004738
0.037309
0.023932
0.000017
0.001791
0.019400
0.063618
0.001230
0.050255
0.026095
0.019080
0.015386
0.020916
0.094855
0.000445
0.010997
0.002094
0.001663
0.004873
0.021306
0.021512
0.005381
0.027696
0.072049
0.016665
0.010689
0.048765
0.060383
0.016870
0.002717
0.049858
0.019430
0.004864
0.061286
0.002559
0.008915
0.057781
0.024243
0.021184
0.019274
0.021443
0.021745
0.014485
0.035358
0.014460
0.038481
0.019019
0.022255
0.009058
0.007853
0.045497
0.043964
0.110761
0.000862
0.050843
0.031527
0.016815
0.071862
0.042916
0.032759
0.031577
0.027448
0.077747
0.021560
0.014307
0.006992
0.019442
0.001893
0.028036
0.007319
0.028640
0.036519
0.010346
0.062279
0.012008
0.003523
0.088910
0.009791
0.013056
0.002119
0.021823
0.092374
0.014250
0.012524
0.021147
0.036844
0.023971
0.035365
0.003576
0.047021
0.139719
0.000452
0.025743
0.001378
0.014530
0.010615
0.042712
0.009885
0.040588
0.029974
0.081014
0.032344
0.024358
0.006028
0.005582
0.012326
0.037147
0.030817
0.008177
0.004405
0.027715
0.036373
0.023399
0.001823
0.024079
0.021147
0.019649
0.006983
0.017311
0.014943
0.019685
0.002992
0.088201
0.009816
0.031351
0.011845
0.006347
0.002518
0.014979
0.002968
0.036193
0.120189
0.007251
0.018051
0.009003
0.000502
0.023188
0.028590
0.012126
0.014108
0.017408
0.014889
0.016146
0.007410
0.033517
0.038634
0.021511
0.001759
0.003260
0.012123
0.003152
0.007779
0.047797
0.002414
0.010547
0.012441
0.028087
0.069111
0.034296
0.025858
0.025635
0.012776
0.007576
0.028123
0.012169
0.000392
0.028228
0.019277
0.001902
0.012943
0.002837
0.036921
0.060550
0.077722
0.015492
0.012948
0.013031
0.000651
0.008238
0.037429
0.016657
0.013551
0.037503
0.004843
0.005239
0.011801
0.008347
0.066796
0.076594
0.019840
0.013327
0.003950
0.101839
0.008813
0.026251
0.021997
0.000797
0.018530
0.008701
0.016715
0.069185
0.033703
0.037673
0.034893
0.012084
0.030313
0.016984
0.042125
0.038068
0.013617
0.008738
0.053254
0.010655
0.010475
0.007019
0.071878
0.045270
0.002476
0.004197
0.009493
0.022439
0.196363
0.016062
0.012154
0.019632
0.006682
0.018632
0.019967
0.062182
0.013497
0.012184
0.080125
0.000212
0.048269
0.021185
0.020658
0.009505
0.039471
0.053662
0.051366
0.024811
0.006163
0.014368
0.004859
0.020969
0.031967
0.008841
0.056463
0.015990
0.036641
0.018710
0.053642
0.049374
0.025533
0.006857
0.001828
0.048547
0.009841
0.026631
0.023543
0.006197
0.037175
0.004403
0.043190
0.001462
0.011025
0.050258
0.024070
0.009077
0.001059
0.014796
0.102275
0.034309
0.004766
0.020539
0.041381
0.028536
0.017248
0.032107
0.009163
0.004309
0.027544
0.018901
0.032631
0.042999
0.035447
0.014020
0.006935
0.095367
0.011286
0.068978
0.010861
0.031212
0.011414
0.028212
0.027167
0.028998
0.001098
0.021077
0.063747
0.018265
0.012156
0.002523
0.000056
0.000057
0.004932
0.002887
0.011676
0.017937
0.012799
0.014398
0.023331
0.018115
0.007950
0.016310
0.005028
0.026867
0.122619
0.026128
0.002022
0.069028
0.004397
0.006354
0.008461
0.047881
0.058975
0.001262
0.023064
0.000158
0.029731
0.000315
0.060844
0.014595
0.005320
0.011798
0.004042
0.010361
0.024063
0.002863
0.041735
0.023923
0.010361
0.013727
0.032012
0.004520
0.017378
0.015792
0.053306
0.002152
0.006053
0.022945
0.003777
0.007146
0.006845
0.048960
0.011199
0.018463
0.021206
0.005512
0.000818
0.002599
0.013236
0.049236
0.041802
0.017597
0.006525
0.001447
0.004628
0.039339
0.027328
0.014115
0.019350
0.007830
0.034737
0.057134
0.038721
0.019279
0.008746
0.006755
0.019713
0.010000
0.020313
0.033662
0.013329
0.019683
0.022835
0.059978
0.037584
0.019079
0.000727
0.016210
0.005724
0.002603
0.014493
0.024973
0.067085
0.017032
0.020052
0.035252
0.014833
0.028418
0.005346
0.035189
0.026364
0.025234
0.023207
0.052261
0.000189
0.041807
0.027545
0.012211
0.040857
0.017589
0.008003
0.020862
0.036509
0.020467
0.015048
0.011965
0.012555
0.001419
0.001559
0.010914
0.032473
0.015390
0.015880
0.000961
0.091291
0.005302
0.009692
0.061103
0.008899
0.069234
0.032950
0.007152
0.030248
0.004273
0.055100
0.022201
0.028816
0.051599
0.011732
0.002832
0.029266
0.013828
0.013791
0.042389
0.006323
0.004863
0.022629
0.024247
0.015733
0.002704
0.012817
0.050367
0.035023
0.005311
0.028487
0.021298
0.070891
0.011064
0.022607
0.019387
0.041776
0.022281
0.006774
0.012168
0.023764
0.007756
0.004422
0.080731
0.038316
0.005957
0.010572
0.004962
0.141621
0.008589
0.003064
0.045192
0.026068
0.000373
0.008496
0.003940
0.021664
0.023412
0.019856
0.003282
0.026733
0.005642
0.024467
0.039659
0.031574
0.023178
0.004849
0.026832
0.005283
0.077853
0.055435
0.002935
0.021827
0.060930
0.007849
0.000066
0.025380
0.031487
0.052408
0.009034
0.019370
0.012949
0.009533
0.003620
0.053227
0.023349
0.004349
0.015458
0.012100
0.002453
0.014599
0.003247
0.005176
0.071491
0.049253
0.041896
0.033943
0.008866
0.011044
0.030105
0.027747
0.046126
0.034980
0.019382
0.025784
0.043298
0.014102
0.007595
0.019101
0.059783
0.024876
0.006754
0.027319
0.040350
0.027124
0.038769
0.001338
0.035492
0.071825
0.049283
0.030447
0.001508
0.027252
0.001480
0.119445
0.000934
0.010932
0.047841
0.004629
0.004978
0.005192
0.041806
0.025867
0.001108
0.023684
0.023746
0.024687
0.052123
0.028434
0.017036
0.024672
0.019477
0.006855
0.089142
0.006875
0.002855
0.009828
0.004858
0.058851
0.018109
0.012212
0.010921
0.061968
0.010446
0.014397
0.016035
0.032172
0.004469
0.001573
0.030324
0.009966
0.021025
0.000789
0.004179
0.005470
0.043887
0.023527
0.015752
0.006416
0.001537
0.023855
0.004491
0.015095
0.021812
0.055563
0.000026
0.001188
0.024214
0.001914
0.030546
0.012866
0.055510
0.039335
0.029157
0.042960
0.010355
0.002701
0.012318
0.009522
0.022817
0.005641
0.094522
0.124618
0.029910
0.025952
0.022405
0.009123
0.008677
0.017574
0.004384
0.004620
0.060589
0.020898
0.026805
0.029308
0.021113
0.014307
0.039386
0.080926
0.002524
0.014330
0.019926
0.018163
0.015501
0.033597
0.027435
0.041055
0.021252
0.005333
0.100823
0.030790
0.049450
0.009525
0.073857
0.003148
0.003156
0.001318
0.020269
0.010981
0.056411
0.002793
0.056314
0.001499
0.009927
0.014388
0.043077
0.015322
0.003387
0.018954
0.003008
0.022503
0.067106
0.002121
0.013982
0.017745
0.002240
0.010999
0.073185
0.004609
0.021440
0.017293
0.026175
0.044654
0.017722
0.036139
0.065518
0.034809
0.015742
0.005858
0.038287
0.005343
0.001604
0.008110
0.000346
0.014575
0.014877
0.027496
0.005843
0.053614
0.009014
0.002220
0.043164
0.018911
0.026925
0.004673
0.004605
0.005995
0.013693
0.007286
0.037153
0.004162
0.020372
0.069198
0.009948
0.035976
0.066415
0.037223
0.034625
0.006564
0.024999
0.001464
0.006396
0.028256
0.013900
0.000112
0.000859
0.028936
0.022998
0.040515
0.014475
0.033157
0.066985
0.003962
0.011322
0.048194
0.035439
0.020707
0.045038
0.094982
0.020434
0.008189
0.017434
0.008501
0.008682
0.018652
0.001598
0.001413
0.011565
0.003043
0.017533
0.008027
0.030957
0.001431
0.100545
0.010337
0.010719
0.036515
0.093038
0.016842
0.035733
0.001750
0.013118
0.015868
0.043950
0.013315
0.014249
0.015247
0.018006
0.002136
0.017716
0.011947
0.005606
0.024192
0.000957
0.003859
0.105695
0.010866
0.040326
0.088965
0.048533
0.039664
0.002463
0.048074
0.006893
0.127336
0.000447
0.027982
0.014254
0.007713
0.010419
0.031659
0.002172
0.034180
0.007823
0.013863
0.074590
0.160282
0.043989
0.044698
0.011606
0.024086
0.036121
0.006739
0.030965
0.004815
0.027589
0.079697
0.078042
0.047441
0.005364
0.024813
0.006564
0.013361
0.032913
0.003890
0.028043
0.015696
0.044452
0.022722
0.048276
0.072808
0.040385
0.031082
0.002637
0.005195
0.001625
0.021187
0.006113
0.009583
0.012404
0.004705
0.008637
0.008186
0.053367
0.006480
0.003178
0.074041
0.003838
0.066424
0.010832
0.022721
0.022402
0.058009
0.018555
0.002367
0.014233
0.010346
0.018641
0.019434
0.093337
0.018323
0.008407
0.018176
0.009741
0.004026
0.002640
0.027009
0.004115
0.006292
0.009006
0.013701
0.059126
0.007648
0.024738
0.024481
0.050563
0.025608
0.066223
0.014611
0.001453
0.020543
0.000006
0.071293
0.008842
0.017384
0.025758
0.002991
0.011269
0.011411
0.076828
0.004071
0.042423
0.027737
0.032573
0.041229
0.016780
0.080291
0.019829
0.010859
0.001432
0.003127
0.017177
0.028999
0.002448
0.001577
0.032888
0.001877
0.000281
0.022578
0.096509
0.023799
0.081351
0.006564
0.031624
0.020199
0.013017
0.021802
0.029696
0.004255
0.027960
0.046383
0.001440
0.000744
0.064261
0.027327
0.015035
0.000890
0.030504
0.039768
0.012051
0.026020
0.036380
0.000969
0.018596
0.005093
0.023766
0.008285
0.003160
0.021459
0.005105
0.022482
0.016276
0.035776
0.007333
0.051944
0.020245
0.042075
0.028291
0.003558
0.006550
0.010248
0.014509
0.010709
0.036336
0.031335
0.000284
0.063563
0.032946
0.021157
0.046025
0.000364
0.019775
0.034900
0.056419
0.008716
0.075398
0.024526
0.107285
0.020033
0.058369
0.021513
0.017534
0.049308
0.029369
0.020100
0.017305
0.015972
0.010563
0.013118
0.028412
0.002599
0.043115
0.041164
0.005778
0.030279
0.023100
0.022140
0.001537
0.126901
0.006257
0.051911
0.111653
0.039039
0.011823
0.001323
0.001311
0.035891
0.052069
0.053459
0.034704
0.008133
0.052170
0.021663
0.029947
0.002729
0.047661
0.010693
0.015722
0.032686
0.013591
0.030554
0.056466
0.068608
0.000670
0.034578
0.099354
0.050133
0.027472
0.005069
0.002109
0.022759
0.034293
0.023661
0.000666
0.005291
0.048061
0.001570
0.012708
0.007853
0.013692
0.063279
0.055080
0.015034
0.001803
0.005826
0.000780
0.013270
0.045681
0.014481
0.004898
0.005316
0.002435
0.029667
0.011233
0.063934
0.028512
0.018856
0.020391
0.000190
0.008180
0.011132
0.000709
0.118140
0.013847
0.011516
0.027913
0.042898
0.015535
0.031207
0.034039
0.002924
0.033072
0.035937
0.052562
0.005875
0.010480
0.014109
0.030472
0.037398
0.001493
0.002470
0.009318
0.074257
0.041085
0.011208
0.002170
0.009144
0.014605
0.004478
0.021234
0.019052
0.005533
0.084997
0.009933
0.022742
0.021851
0.013202
0.135398
0.026675
0.011878
0.021086
0.011898
0.008273
0.011021
0.045008
0.003772
0.019332
0.008848
0.049409
0.002489
0.016705
0.010778
0.012625
0.042812
0.026987
0.002219
0.088785
0.063830
0.001544
0.004203
0.021694
0.081684
0.005066
0.001785
0.012503
0.005368
0.012448
0.010968
0.022142
0.004781
0.013059
0.067478
0.006647
0.033753
0.011745
0.023647
0.000203
0.040119
0.029763
0.008480
0.036158
0.007786
0.063350
0.005761
0.035992
0.000991
0.036836
0.003050
0.028014
0.001320
0.026243
0.017219
0.016676
0.023944
0.006406
0.028558
0.013408
0.001354
0.096561
0.071033
0.001148
0.017489
0.026441
0.005294
0.024696
0.004397
0.006010
0.000477
0.024752
0.103251
0.012987
0.011467
0.010144
0.004101
0.009743
0.029187
0.024936
0.009781
0.015095
0.050292
0.004428
0.062601
0.032257
0.016708
0.065887
0.048923
0.005218
0.024323
0.013261
0.044545
0.002904
0.018171
0.001123
0.034755
0.006099
0.020089
0.030095
0.042667
0.013637
0.010194
0.060130
0.061238
0.012835
0.055867
0.061066
0.007840
0.048144
0.000329
0.014787
0.001367
0.020916
0.039525
0.029643
0.020036
0.000831
0.004609
0.076234
0.027072
0.015448
0.000290
0.019888
0.046189
0.006399
0.018970
0.017845
0.025802
0.022416
0.044058
0.087029
0.030409
0.031037
0.016695
0.010156
0.031985
0.005978
0.007000
0.026629
0.055939
0.004515
0.008956
0.002050
0.005840
0.068342
0.001958
0.034948
0.037331
0.007460
0.011202
0.003799
0.021971
0.006829
0.001940
0.018802
0.004774
0.001553
0.019436
0.001108
0.145311
0.020337
0.022035
0.016220
0.013457
0.022420
0.002983
0.031023
0.048891
0.017523
0.034255
0.035027
0.027142
0.007476
0.033720
0.008369
0.040676
0.008805
0.017809
0.017537
0.023725
0.002947
0.001681
0.058361
0.009345
0.102741
0.025654
0.011641
0.021473
0.030520
0.176926
0.050767
0.056058
0.187065
0.034142
0.017532
0.006369
0.051328
0.007295
0.013382
0.026649
0.004746
0.002994
0.031768
0.014396
0.032294
0.035551
0.100710
0.010728
0.003185
0.009431
0.084716
0.004488
0.033458
0.014875
0.039894
0.049160
0.017241
0.020730
0.009705
0.002575
0.002599
0.006981
0.006944
0.076005
0.001135
0.045566
0.001593
0.106410
0.028862
0.009087
0.024355
0.033257
0.044317
0.003950
0.063932
0.034623
0.063300
0.001834
0.068783
0.037779
0.004846
0.036369
0.030835
0.014313
0.028466
0.007644
0.004390
0.013002
0.047906
0.005122
0.006830
0.015624
0.023858
0.064445
0.023575
0.008274
0.009795
0.028244
0.064812
0.067468
0.021319
0.008278
0.046849
0.005428
0.056796
0.008281
0.003835
0.000651
0.014332
0.010774
0.031642
0.049428
0.013964
0.068773
0.133417
0.011092
0.004784
0.001774
0.007599
0.010225
0.119142
0.009101
0.004228
0.074175
0.022962
0.025953
0.041526
0.015662
0.037543
0.023745
0.002294
0.000206
0.036519
0.000407
0.037117
0.011524
0.061426
0.001130
0.001272
0.059867
0.005599
0.036444
0.005361
0.021262
0.005533
0.018955
0.032556
0.020962
0.049416
0.009429
0.019692
0.024655
0.063922
0.027054
0.000585
0.016273
0.000328
0.009635
0.058324
0.011115
0.013252
0.064175
0.030434
0.002884
0.108382
0.026792
0.052500
0.043670
0.126098
0.004551
0.001820
0.000529
0.017530
0.000006
0.035212
0.003619
0.039138
0.009057
0.016159
0.001587
0.004044
0.000023
0.022655
0.000944
0.003097
0.012298
0.084417
0.018562
0.021838
0.009192
0.000171
0.000569
0.018917
0.101231
0.025300
0.008155
0.011309
0.079725
0.005994
0.057877
0.014004
0.032012
0.017447
0.001264
0.003464
0.041355
0.024488
0.025806
0.069097
0.047780
0.012615
0.072673
0.017072
0.022823
0.004050
0.030114
0.007209
0.001552
0.019009
0.001860
0.069014
0.093647
0.034796
0.004272
0.016718
0.011727
0.054701
0.036030
0.008828
0.048759
0.004726
0.008987
0.000738
0.006965
0.033736
0.002007
0.008751
0.041751
0.002600
0.069207
0.006235
0.035957
0.011215
0.014931
0.009750
0.019737
0.014789
0.014246
0.018651
0.002970
0.022838
0.007405
0.015643
0.011908
0.002563
0.010153
0.024550
0.000264
0.004771
0.062350
0.014079
0.000756
0.032891
0.028931
0.022792
0.001012
0.177390
0.000681
0.026457
0.014995
0.046113
0.018873
0.015058
0.031292
0.002014
0.032366
0.060592
0.013924
0.016938
0.014035
0.012420
0.024657
0.021103
0.032065
0.025616
0.002693
0.036292
0.019729
0.004208
0.068344
0.006056
0.033964
0.010522
0.032489
0.025446
0.002721
0.022642
0.026002
0.016973
0.068743
0.000962
0.027021
0.002567
0.016977
0.004273
0.049360
0.010840
0.009780
0.005133
0.022329
0.006016
0.024433
0.019392
0.002877
0.004249
0.003226
0.001132
0.029065
0.018392
0.024879
0.021854
0.043797
0.028612
0.070930
0.028306
0.033370
0.020328
0.003060
0.020448
0.007096
0.013516
0.022910
0.004534
0.009945
0.039918
0.049302
0.035179
0.004667
0.011489
0.048620
0.048237
0.027047
0.058146
0.057560
0.039149
0.065350
0.013564
0.052908
0.004249
0.022059
0.024560
0.016403
0.007860
0.025712
0.017595
0.020971
0.035107
0.017400
0.016459
0.034961
0.051285
0.035237
0.046302
0.030881
0.100677
0.007173
0.003734
0.004601
0.029869
0.002469
0.001468
0.059472
0.020582
0.001418
0.017233
0.015603
0.000612
0.016951
0.008329
0.032789
0.016288
0.046126
0.009302
0.024924
0.047933
0.072199
0.006703
0.125477
0.001788
0.085627
0.031677
0.008534
0.039622
0.002669
0.036142
0.003679
0.011077
0.004339
0.033906
0.092961
0.002766
0.148172
0.005476
0.006712
0.025124
0.001053
0.010101
0.052221
0.011845
0.011354
0.023592
0.030648
0.035331
0.015766
0.028694
0.010099
0.037763
0.000483
0.017848
0.003449
