0.043287
0.564047
0.432891
0.088339
0.205218
0.179074
0.316315
0.466376
0.029568
0.008627
0.541937
0.170096
0.430999
0.000632
0.176846
0.383544
0.077928
0.871607
0.695089
0.009320
0.007733
0.233881
0.839799
0.143994
0.073233
0.164515
0.008841
0.075190
0.172816
0.205442
0.079614
0.078747
0.074070
0.184636
0.102655
0.006517
0.545267
0.243886
0.308413
0.061704
1.469597
0.589719
0.038654
0.121353
0.383484
0.372598
0.826734
0.164510
0.531650
0.332877
0.108450
0.265714
0.642341
0.561626
0.211131
0.266750
0.010541
0.083415
0.478963
0.160491
0.056988
0.238753
0.364248
0.336705
0.140859
0.173390
0.213043
0.452122
0.220778
0.149894
0.201823
0.009006
0.013338
0.364593
1.225694
0.269818
0.150064
0.056025
0.209290
1.206495
0.441586
0.232709
0.590455
0.079258
0.216323
0.913902
0.258679
0.184374
0.094117
0.238219
0.944779
0.001718
0.459265
0.515250
0.651940
0.404704
0.496864
0.219366
0.247221
0.166585
0.017328
0.612090
0.253191
0.066883
0.210790
0.199033
0.132385
0.127430
0.231968
0.293043
0.284375
0.183828
0.008512
0.078256
0.058517
0.263454
0.592004
0.480499
0.478509
0.508560
0.088430
0.553064
0.335443
0.026071
0.005049
0.004400
0.422668
0.086128
0.034788
0.294090
0.126672
0.021615
0.052172
0.224839
0.055229
0.095613
0.373012
0.181927
0.116583
0.192606
0.007176
0.146600
0.163894
0.062491
0.034543
0.690232
0.214076
0.070372
0.279154
0.509546
0.006311
0.005408
0.047509
0.380645
0.052387
0.365833
0.340125
0.236041
0.074769
1.113884
0.479566
0.218073
0.075770
0.313669
0.150707
0.257298
0.116249
0.299045
0.018175
0.106406
1.031701
0.625117
0.109752
0.586667
0.111477
0.840486
0.408588
0.161445
0.087249
0.002555
0.632891
0.011596
0.513465
0.982643
0.253387
0.056448
0.606989
1.092315
0.365242
0.213316
0.142430
0.127822
0.069112
0.336398
0.170192
0.064746
0.033087
0.328946
0.105324
0.207824
0.118066
0.615832
0.689812
0.005478
0.067263
0.119133
1.303991
0.457943
0.124244
0.071869
0.336676
0.545495
0.807302
0.126410
0.642123
0.348571
0.198785
1.270252
0.080223
0.387803
0.026545
0.055788
0.725694
0.071846
0.427032
0.275044
0.551905
0.137711
0.124784
0.103261
0.606170
0.277889
0.925746
0.654815
0.043628
0.240334
0.033037
0.011977
0.022803
0.603352
0.465516
0.528962
0.125063
0.286499
0.456845
0.142464
0.253737
0.075970
0.025583
0.093070
0.664285
0.249342
0.777349
0.183619
0.097380
0.463960
0.527674
0.003738
0.332973
0.028849
0.036685
0.649004
0.012254
0.082186
1.330843
0.163943
0.036840
0.054955
0.082892
0.408781
0.032554
0.724943
0.142578
1.054619
0.719804
0.104452
0.087672
0.194458
0.031651
0.316709
0.012128
0.003169
1.215103
0.105101
0.272326
0.179266
0.112749
0.019510
0.733909
1.050106
1.049939
0.035420
0.072695
0.288549
1.172901
0.234865
0.349608
0.325266
0.089961
0.234005
0.110157
0.084861
0.025461
0.098879
1.229085
0.178209
0.316675
0.309398
0.847718
0.148524
0.109924
0.118911
0.114262
0.563460
0.671884
0.108209
0.122090
0.235727
0.259526
0.271874
0.084350
0.006175
0.083819
0.022523
0.240357
0.022067
0.023431
0.302672
0.103094
0.471332
0.203928
0.595565
0.050234
0.208803
0.475399
0.024073
0.894123
0.057073
0.449113
1.257836
0.517034
0.115603
0.033910
0.216685
0.755317
0.104225
0.672613
0.045834
0.723994
0.009683
0.113969
0.700186
0.488672
0.713043
0.551125
0.411345
0.350963
0.058861
0.170027
0.051556
0.376395
0.330586
0.087341
0.019975
0.992196
0.495473
0.239066
0.233858
0.571733
0.181162
0.151111
0.124050
0.089509
0.007413
0.311910
0.161708
0.253612
0.019304
0.131525
0.044649
0.040104
0.089972
0.529712
0.152148
0.153789
0.284369
0.079788
0.002252
0.225679
0.208484
0.313954
0.173045
0.347999
0.394384
0.081690
0.205002
0.195502
0.076492
0.159434
0.246572
0.712352
0.749239
0.096568
0.311890
0.014819
0.022272
0.215042
0.629707
0.052116
0.435766
0.643699
0.112104
0.353840
0.567125
0.139380
0.362477
0.400017
0.270848
0.581961
0.680758
0.966254
0.254052
0.058176
0.086543
0.073624
0.252854
0.425336
0.016062
0.343368
0.378855
0.128305
0.217116
0.054025
0.392685
0.012468
1.192506
0.494990
0.297020
0.093398
0.732082
0.961483
0.044942
0.448508
0.553417
0.323394
0.361600
0.176668
0.774324
1.064292
0.144552
0.486926
0.170177
0.054009
0.118121
0.040516
0.718689
0.961374
0.038073
0.275397
0.157388
0.037700
0.105070
0.085592
0.415381
0.001205
0.063157
0.173289
0.006378
0.296277
0.279138
0.541148
0.069431
0.100550
0.234488
0.095742
0.264377
0.086658
0.345155
0.469757
0.496103
1.090500
0.236486
0.202480
0.580753
0.439689
0.253571
0.144991
0.100242
0.034334
0.494374
0.037693
0.412624
0.236427
1.005254
0.429470
1.089407
0.044061
0.208167
0.254995
0.111864
0.209769
0.132399
0.225483
0.000254
0.175188
0.179107
0.109066
0.152949
0.458478
0.345047
0.203359
0.312955
0.142232
0.068414
0.001165
0.097562
0.273514
0.640265
0.530567
0.214593
1.303261
0.185735
0.539805
0.157764
0.409513
1.316817
0.109298
0.056012
0.290302
0.227118
0.133615
0.001058
0.147877
0.166470
0.155885
0.592514
0.263430
0.397087
0.684568
0.414420
0.203597
0.410853
0.306792
0.313873
0.298013
0.156768
0.297678
0.301317
0.829948
0.457631
0.561763
0.437659
0.506749
0.279012
0.128981
0.092195
0.369321
0.621304
0.235741
0.049487
0.536884
0.198810
0.188828
0.013935
0.214177
0.409651
0.164765
0.131634
0.320871
0.005982
0.212273
0.876338
0.351788
0.154211
0.350300
0.278656
0.070295
0.069848
0.651534
0.094031
0.023351
0.532785
0.222196
0.137759
0.214936
0.400368
0.055377
0.317587
0.374939
0.506225
0.094315
0.282226
0.079234
0.247007
0.056754
0.467863
0.604586
0.119984
0.075431
0.995513
0.367958
0.556971
0.009303
0.688961
0.292217
0.114171
0.169566
0.430133
0.461711
0.063180
0.294959
0.054323
1.084130
0.175868
0.733055
0.390859
0.279619
0.091137
0.224340
0.044766
0.044584
0.377370
0.134397
0.417544
0.082526
0.379923
0.380262
0.109367
0.033744
0.151755
0.203396
0.031600
0.062019
0.017080
0.273028
0.659133
0.073217
0.010599
0.365141
0.506075
0.998286
0.284938
0.125767
0.545804
0.037692
0.353918
0.030023
0.153101
0.204973
0.142394
0.055392
0.079079
0.514690
0.186290
0.260202
0.071442
0.376511
0.120196
0.270139
0.720679
1.555144
0.014196
0.479020
0.584709
0.115511
0.144938
0.260431
0.753401
0.153212
0.636154
0.426341
0.049559
0.734908
0.004589
0.047059
0.327918
0.017645
0.143164
0.041771
0.186465
0.549738
0.709607
0.010834
0.018835
0.550947
0.013128
0.095892
0.037477
0.028636
0.008403
0.304430
0.409494
0.348247
0.560507
0.326316
0.148142
0.299139
1.047943
0.307834
0.083554
0.018621
0.820778
0.267842
0.129057
0.278929
0.246470
0.221551
0.018820
0.130728
0.159640
0.066706
0.636342
0.165557
0.325755
0.375054
0.407934
0.383087
0.418550
0.086938
1.123999
0.049112
0.752689
0.578416
0.573496
0.016277
0.028695
0.503084
0.189992
0.138731
1.253725
0.012283
0.227443
0.175745
0.041160
0.150851
0.368938
0.641925
0.007478
0.223023
0.028417
0.483422
0.026907
0.010437
0.145468
0.395710
0.112717
0.041780
0.474798
0.493394
0.581091
0.108612
0.165927
0.084466
0.244376
0.120191
0.124048
0.459218
0.939096
0.263222
0.033175
0.317162
0.178595
1.327619
0.381228
0.540154
0.362481
0.230115
0.681379
0.534454
0.103308
0.051248
0.138778
0.220865
0.030736
0.127110
0.256633
0.013366
0.506137
0.315906
0.112910
0.106284
0.130445
0.118041
0.414110
0.208579
0.224046
0.048317
0.737484
0.118168
0.119055
0.021399
1.164908
0.196004
0.732157
0.787736
1.049499
0.507242
0.778858
0.766429
0.484890
0.043363
0.222520
0.257126
1.467757
0.459672
0.364122
0.411894
0.134627
0.855820
0.309427
0.154538
0.187406
1.169953
0.227868
0.055104
0.048176
0.348698
0.248193
0.711922
0.061223
0.158854
0.390542
0.015421
0.031349
0.236704
0.092663
0.033930
0.091021
0.300017
0.224203
0.024525
0.022679
0.570393
0.309207
0.057118
0.593790
0.006627
0.137710
0.564433
0.371650
0.100119
0.665698
0.273449
0.601842
0.669899
0.166247
0.337734
0.235892
0.868686
0.480085
0.388189
0.504655
1.889389
0.088941
0.067455
0.412052
0.441337
0.216639
0.200288
0.155125
0.642898
0.477232
0.263552
0.012284
0.571428
0.183998
0.063128
0.106726
0.352649
0.001657
0.038365
0.108142
0.654619
0.412144
1.059991
0.234940
0.254567
0.240472
0.223729
0.234292
0.512062
0.919645
0.157427
0.298248
0.110347
0.107822
0.211759
0.264761
0.239549
1.126246
0.053369
0.303729
1.562598
0.399696
0.250350
0.137832
0.154319
0.827124
0.677084
0.332305
0.687043
0.777735
0.561911
0.145068
0.187290
0.476755
0.139867
0.415126
0.196999
0.123087
0.182724
0.037162
0.131318
0.160943
0.005499
0.056649
0.090426
0.585334
0.267170
0.101543
1.825956
0.089490
0.216333
0.403569
0.352636
0.170485
0.450172
0.199539
0.377070
0.202814
1.067299
0.377824
0.028748
0.041596
1.018995
0.078109
0.007945
0.087597
0.196055
0.912022
0.152813
0.385669
0.539386
0.028017
0.283941
1.640686
0.239283
0.229384
0.127717
0.876217
1.047986
0.032667
0.241448
0.163226
0.334099
0.037889
0.092502
0.098032
0.196012
0.472921
0.585256
0.463128
0.338852
0.027369
0.148150
0.331421
0.104547
0.212672
0.706411
0.037043
0.576991
0.033558
0.146506
0.707396
0.067393
0.220655
0.161667
0.656636
1.450930
0.102153
0.203464
0.676153
0.236103
0.072478
0.427713
0.123334
0.199645
0.002580
1.352061
0.321255
0.780349
1.039100
0.093401
0.233308
0.174080
0.427954
0.554281
0.077849
0.096295
0.367520
0.159126
0.041848
0.065190
0.246874
0.273760
0.966200
0.228286
0.281700
0.048352
0.160229
0.098464
0.356649
0.093206
0.072392
0.137510
0.190774
0.123926
0.279217
0.059976
0.635855
0.355419
0.229563
0.017977
0.118361
0.351459
0.310746
0.501321
0.666325
0.113661
0.204206
0.120162
0.041063
0.045288
0.088904
0.027644
0.232194
0.364129
0.248396
0.346333
0.076951
0.066720
0.251504
0.646989
0.164592
0.001274
0.006077
0.109285
0.286645
0.026507
0.076278
0.342478
1.259750
0.125143
0.275743
0.219211
0.007019
0.120069
0.045052
0.086633
0.440878
0.342960
0.012566
0.024160
0.387218
0.032680
0.114387
0.094141
0.015314
0.009500
0.044910
0.152911
0.814096
0.305147
0.083146
0.341497
0.095910
0.217229
0.116506
0.890849
0.130327
0.488224
0.307491
0.556076
0.279543
0.612956
0.155840
0.340897
0.290779
0.225064
0.249337
0.230207
0.150149
0.685776
0.300497
0.238968
0.016634
0.213105
0.057765
0.072630
0.171073
0.236869
0.086470
0.094797
0.226600
0.192300
0.154896
0.032862
0.140271
0.318760
0.235710
0.236074
0.557020
0.385298
0.346164
0.009266
0.110506
0.344100
0.050800
0.734190
0.045920
0.633891
0.073107
0.552770
0.565616
0.122600
0.658368
0.052223
0.567360
0.144251
0.173794
0.037621
0.275642
0.094313
0.329775
0.481915
0.277663
0.002466
0.913069
0.756525
0.308952
0.143172
0.247602
0.643193
0.184594
0.453174
0.273808
0.164599
0.813286
0.157493
0.279253
0.016424
0.190896
0.011440
0.365353
0.000177
0.012893
0.035340
0.045099
0.212831
0.132151
0.094785
1.233574
0.719068
0.319144
0.485978
0.513954
0.084380
0.495525
0.082257
0.247905
0.132818
0.051828
0.449979
0.744304
0.112931
0.635486
0.127512
0.321494
1.641059
0.443616
0.017183
0.171211
0.141627
0.104413
0.508067
0.174493
0.360433
0.302301
0.219564
0.017299
0.335371
0.665978
0.056695
0.308791
0.200501
0.125103
0.371804
1.109061
0.006571
0.682800
0.144982
0.538456
0.057607
0.378260
0.031507
0.122666
1.051056
0.320671
0.460471
0.185582
0.191125
0.203552
0.445047
0.385392
0.064615
0.174270
0.234281
0.254189
0.784249
0.549301
0.048714
0.141540
0.034614
0.007972
0.023254
0.060622
0.435829
0.330083
0.479655
0.102115
0.050707
1.073741
0.524653
0.880008
0.005690
0.151526
0.301371
0.399627
0.731352
0.231483
0.148679
0.001601
0.488683
1.207859
0.713343
0.325651
0.125782
0.081996
0.447523
0.821999
0.968118
0.057933
0.264098
0.215920
0.167284
0.474548
0.823643
0.386886
0.361498
0.351950
0.318011
0.230849
0.085472
0.453526
0.038041
0.309753
0.146811
0.246269
0.307695
0.195558
1.146300
0.082013
0.003673
0.932053
0.112193
0.097749
0.161130
0.271136
1.283074
0.368813
0.114959
0.229514
0.178635
0.208898
0.162184
0.055039
0.150998
0.147841
0.067213
0.509347
0.133882
0.049281
0.251018
0.558996
0.455004
0.291890
0.393956
0.122894
0.046194
0.088315
0.128937
0.098191
0.189199
0.048414
0.041869
0.087396
0.065635
0.485393
0.231369
0.066348
0.168224
0.616520
0.258549
0.242173
0.148938
0.065386
0.294573
0.024086
0.462800
0.017774
0.411537
0.144686
0.344100
0.268216
0.041495
0.231983
0.023119
0.082812
0.144219
0.100924
0.325199
1.299051
0.132419
0.547155
0.076506
0.370671
0.128185
0.229950
0.027827
0.526952
0.070275
0.186780
0.102872
0.498540
0.269384
0.286498
0.421641
0.088270
0.018004
0.529048
0.113766
0.501827
0.941461
0.297621
0.032707
0.577218
0.301068
0.084669
0.069910
0.212613
0.038884
0.709402
0.369159
0.513246
0.145265
0.769931
0.043145
0.377899
0.088152
0.001091
0.038654
0.067523
0.432346
0.142469
0.197352
0.285251
0.093453
0.305193
0.334031
0.762897
0.209669
0.579899
1.030287
0.439465
0.164035
0.095228
0.030853
0.533405
0.041641
0.245962
0.181503
0.013765
0.072368
0.519306
0.232086
0.774668
0.715705
0.029624
0.340070
0.013078
0.164801
0.174898
0.943080
0.271396
0.063217
0.213850
0.221336
0.065848
0.133760
0.629880
1.196524
0.449995
0.020003
0.708945
0.184001
0.538832
0.058359
0.047940
0.711459
0.100862
0.013203
0.208574
1.399109
0.541450
0.151403
1.491716
0.477878
0.553673
0.311628
0.150451
0.708413
0.190820
0.818363
0.241017
0.721909
0.194542
0.166967
0.266517
0.114515
0.048543
0.266991
0.571068
0.097626
0.600792
0.464121
0.448399
0.160910
2.006952
0.469452
0.257158
0.036146
0.255865
0.004346
0.697476
0.123157
0.137824
0.240142
0.304389
0.262204
0.199033
0.301828
0.563474
0.177291
0.207992
0.498768
0.001024
0.052560
0.117926
0.072216
0.679038
0.048127
0.034249
0.114466
0.213174
0.516918
1.631349
0.572899
0.281590
0.011498
0.019670
0.298873
0.514243
0.092575
1.044257
0.239811
0.255834
0.289189
0.023361
0.056039
0.825564
0.093304
0.026090
0.099565
0.388548
0.091472
0.070938
0.097358
0.196421
0.401307
0.107570
0.620277
1.117444
0.517819
0.023429
0.113702
0.780240
0.588518
0.042903
0.175140
0.135740
0.412867
0.008739
0.113710
0.415624
0.653766
0.012442
0.266277
0.326844
0.618874
0.165796
1.084128
0.065979
0.036570
0.041794
0.265092
0.039183
0.093018
0.065559
0.017064
0.984092
0.122357
0.997402
0.385375
0.074450
0.808896
0.002819
1.199517
0.009839
0.087633
0.240860
0.002766
0.434083
0.026536
0.509622
0.010721
0.225333
0.070503
0.102225
0.202288
0.139268
0.149264
0.317902
0.065164
0.060085
0.345978
0.105704
0.810718
0.166663
0.192748
0.007033
0.006262
0.033202
0.294752
0.327679
0.912204
0.169938
0.368962
0.126296
0.023084
0.163514
0.362821
0.489235
0.910864
0.535446
0.248769
0.239796
0.208602
0.194800
0.342291
0.257199
0.583813
0.179392
0.191129
0.535279
0.337767
0.222986
0.248653
0.491512
0.280475
0.089987
0.111425
0.278361
0.014080
0.183512
0.667429
0.079246
0.176180
0.360697
0.779102
0.357488
0.294914
0.145301
0.172534
0.308122
0.132166
0.460956
0.002467
0.417594
0.406493
0.109775
0.004522
0.123819
0.266884
0.463864
0.612913
0.070172
0.025581
0.038311
1.354278
0.311061
0.041215
0.352096
0.961772
0.280518
0.079413
0.984142
0.361746
0.060629
0.436010
0.210459
0.256025
0.136611
0.104336
0.163644
0.224219
0.185659
0.603570
0.023131
0.066564
0.831802
0.280839
0.288331
0.298073
0.083714
0.150599
0.070773
0.049456
1.367265
0.408556
0.633930
0.000439
0.365696
0.110131
0.206693
0.337411
0.009505
0.138972
0.242161
0.622344
0.215975
0.114634
0.277721
0.262841
0.103716
0.238256
0.096940
0.003407
0.111635
0.027119
0.203118
0.208634
0.612579
0.413387
0.415143
1.371069
0.092234
0.139916
0.078627
0.032438
0.217224
0.214819
0.041684
0.767402
1.151959
0.021225
0.000953
0.019137
0.394729
0.574222
0.020537
0.002701
0.231622
0.121360
0.005675
0.002651
0.071233
0.066984
0.105022
0.239996
0.086857
0.079783
0.071001
0.654113
0.081776
0.243127
0.180791
0.120773
0.156647
0.004836
0.061388
0.306611
0.430000
0.073912
0.058268
0.708359
0.030869
0.475219
0.631248
0.047452
0.536882
0.048776
0.013219
0.101160
0.126626
0.267143
0.175300
0.473174
0.327879
0.038075
0.067832
0.411319
0.036967
0.914964
0.500693
0.074476
0.101109
0.087156
0.164893
0.085761
0.009838
0.087012
0.064999
0.129200
0.181686
0.622186
0.323251
0.286730
0.599699
0.146589
0.166587
0.084111
0.531944
0.629552
0.725160
0.278605
0.036257
0.022504
0.479156
0.650065
0.227959
0.760610
0.801109
0.421644
0.138870
0.182830
0.130106
0.151279
0.191209
0.005178
0.040864
0.055182
0.250977
0.615803
0.372810
0.048578
0.183572
0.296098
0.043574
0.024913
0.284055
0.080532
0.310740
0.056457
0.581185
0.111206
0.167773
0.239530
0.652384
0.744433
0.558898
0.346094
0.021509
0.062030
0.229462
1.262473
0.388549
0.063833
0.132016
0.984743
0.212628
0.612802
0.585568
0.456656
0.295887
0.328844
0.125600
0.038492
0.890207
0.009952
0.094777
0.285495
1.005138
0.070780
0.085095
0.564981
0.118832
0.154729
0.133764
0.015215
0.853274
0.358931
0.002055
0.030658
0.043665
0.138081
0.663062
0.045547
0.077661
0.111947
0.214430
0.694063
0.232605
0.701633
0.234218
0.169756
0.615463
0.260847
0.193294
0.215509
0.131845
0.170272
0.023116
0.068906
0.431904
0.043017
0.070052
0.053592
0.135240
0.015163
0.134041
0.282248
0.339937
0.606005
0.027331
0.309698
0.065564
0.125759
0.256791
0.545961
0.333153
1.265950
0.005433
0.113979
0.196387
0.011063
0.016138
0.137078
0.245721
0.043686
0.021225
0.115186
0.405884
0.251225
1.723787
0.278740
0.663264
0.255213
0.196709
0.161123
0.022252
0.019500
0.322240
0.588067
0.005770
0.059618
0.119011
0.112656
0.539085
0.087266
0.109677
0.200586
0.903603
0.104661
0.301294
0.014946
0.169395
0.786066
0.073542
0.132232
0.318520
0.250096
0.257429
0.281371
0.337536
0.116876
0.130028
0.151755
0.221655
0.251106
0.621360
0.151173
0.178941
0.536308
1.062914
0.083476
0.393278
0.085351
0.405418
0.011787
0.212252
0.253176
0.360784
0.746785
0.475563
0.248402
0.206254
0.003994
0.241335
0.247815
0.406557
0.054240
0.266502
0.015888
0.388278
0.517132
0.172757
0.349124
0.325689
0.108549
0.027715
0.425642
0.132519
0.052798
0.175130
0.536823
0.924953
0.251340
1.050535
0.057139
0.202249
0.002524
0.079959
0.627601
0.018369
0.318768
0.213724
1.316462
1.515264
0.039491
0.091173
1.427450
0.120118
0.059710
0.728352
0.288090
0.110519
0.242491
0.167274
0.183738
0.240972
0.055819
0.286824
0.931455
0.268976
0.464644
0.099610
0.050382
0.001938
1.194073
0.038030
0.143418
0.319023
0.397955
0.288805
0.173711
0.506112
0.175212
0.541096
0.016662
0.384052
0.030709
0.147092
0.175766
0.060263
0.178778
0.574981
0.011126
0.064671
1.114142
0.179333
0.148159
0.731339
0.448663
0.057175
0.273306
0.059683
0.448459
0.243872
0.480723
0.020139
0.789353
0.078336
0.568699
0.174803
0.659064
0.032156
0.016588
0.189496
0.799792
0.187823
0.212461
0.053807
0.233633
0.167169
0.656547
0.405222
0.194890
0.048387
0.047331
1.064717
0.283265
0.076457
0.499766
0.073050
0.181538
0.629101
0.032745
0.032594
0.016205
0.049358
0.140776
0.116426
0.098602
0.004279
0.200313
0.176836
0.405045
0.108332
0.261099
0.112690
0.419504
0.057401
0.201622
0.177057
0.184156
0.231731
0.230450
0.114092
0.521365
0.907774
0.245618
0.302765
0.385820
0.115614
0.269160
0.186299
0.198746
0.150331
0.230529
0.073822
0.082735
0.067003
0.270782
0.084442
0.455098
0.707115
0.427794
0.119375
0.857499
0.126608
0.134621
0.271367
0.324241
0.157700
0.463469
0.576271
0.102159
0.076314
0.151970
0.359803
0.332437
0.057940
0.147649
0.696405
0.964951
0.278073
0.454399
0.549406
0.075383
0.020446
0.283529
0.145690
0.372142
0.104306
0.170728
0.495533
0.029366
0.157194
0.049902
0.228823
0.395894
1.307195
0.420079
0.046733
0.172346
0.234390
0.304635
0.362036
1.087007
0.855268
0.070171
0.051729
1.052286
0.052492
1.034730
0.038294
0.263807
0.041738
0.043092
0.121865
0.473592
0.363465
0.114498
0.044233
0.133243
0.057403
0.080371
0.206120
0.201253
0.767678
0.028214
0.228358
0.249592
0.046215
0.134127
0.044505
0.672285
0.128563
0.020115
0.193407
0.225893
0.654706
0.380912
0.069254
0.716941
0.001521
0.358399
0.012922
0.513915
0.062993
0.478786
0.503667
0.442844
0.035011
0.153388
0.033212
0.380425
1.537897
0.221901
0.316635
0.329935
0.046196
0.139307
0.128726
0.416637
0.158995
0.137682
0.238885
0.069179
0.020256
0.081543
0.006320
0.332110
0.183062
0.287642
0.251627
0.016714
0.506343
0.512566
0.002285
0.168733
0.462147
0.161072
0.589378
0.356433
0.324199
0.708595
0.452820
0.263819
0.014537
0.181801
0.350137
0.222173
0.263653
0.128936
0.552018
0.084486
0.306112
0.172211
0.048311
0.005778
0.041751
0.101994
0.191805
0.008139
0.020849
0.477495
1.177145
0.169167
0.190344
0.276915
0.030566
0.232102
0.336274
0.866184
0.309146
0.236173
0.158352
0.728520
0.222292
0.194791
0.397024
0.172804
0.020886
0.268823
0.603006
0.138284
0.030336
0.033518
0.710401
0.035328
0.318570
0.027473
0.215459
0.726386
0.080157
0.110179
0.283530
0.255625
0.246623
0.149292
0.012526
0.271335
0.097207
0.290610
0.172815
0.093846
1.641016
0.116422
1.062633
0.194860
0.229081
0.093954
0.057280
0.367402
0.182390
0.263965
0.060486
0.213984
0.322486
0.427832
0.329476
0.160222
0.346790
0.272550
0.194684
0.298520
0.109741
0.019575
0.047993
1.080477
0.669663
0.526398
0.089996
0.547631
0.467565
0.233749
0.108285
0.033894
1.834119
2.011297
0.570963
0.177044
0.392401
0.724038
0.234258
0.040103
1.122294
0.231484
0.440416
0.292265
0.020090
0.185951
0.003614
0.092733
0.977409
0.352772
0.250200
0.035650
0.346784
0.278999
0.304388
0.349748
0.788894
0.177916
0.283255
0.226354
0.266766
0.341215
0.062463
0.017144
0.037102
0.013095
0.242968
0.109200
0.460643
0.052985
0.048820
0.602095
0.028185
0.130569
0.351403
0.248150
0.093109
0.043403
0.258643
0.085554
0.581572
0.092305
0.811355
0.006600
0.283190
0.099528
0.193086
0.172085
0.496805
0.061467
0.438047
0.010392
0.303790
0.520625
0.168325
0.567295
0.131450
0.131541
0.725190
1.393718
0.467034
0.078199
0.856073
0.136492
0.606723
0.116529
0.073632
0.089404
0.352259
1.167077
0.220787
0.034017
0.346287
0.686476
0.456318
0.000552
0.112271
0.449539
0.362540
1.662564
0.685380
0.480177
0.350919
0.143677
0.010689
0.438518
0.183228
0.600745
0.042393
0.583800
0.311058
0.651802
0.362473
0.171893
0.217714
0.031061
0.083314
0.256659
0.058725
0.133178
0.309156
0.270973
0.672801
0.170327
0.241992
0.164373
0.421795
0.294794
0.872041
0.045764
0.040816
0.103797
0.287333
0.305271
0.067531
0.094996
0.271475
0.092112
0.531392
0.033815
0.457831
0.049827
0.375740
0.457119
0.861634
0.697068
0.007437
0.324561
0.723783
0.441267
0.181640
0.416217
0.100261
0.487493
0.156435
1.061156
0.008486
0.262194
0.041760
0.435908
1.057032
0.203161
0.552275
0.079586
0.008564
0.487722
0.158567
0.026335
0.335114
0.694129
0.026252
0.283092
0.128135
0.013011
0.022812
0.013922
0.109889
0.110400
0.231302
0.290860
0.570009
0.581864
0.056308
0.296376
0.627840
0.086268
0.277153
1.333815
0.301855
0.362712
0.111662
1.468546
0.534160
0.116919
0.107774
0.001443
0.196843
0.620044
0.461015
0.047893
0.082994
0.052748
0.090184
0.067911
0.054094
0.241680
0.736887
0.578497
0.291327
0.114025
0.716922
0.071106
0.011835
0.073006
0.468286
0.361875
0.111668
0.074468
0.304218
0.214936
0.474104
0.177092
0.026133
0.021918
0.078761
0.222436
0.376311
0.243665
0.002947
0.917022
0.183836
0.233183
0.064036
0.083672
0.072308
0.279767
0.718008
0.092005
0.128983
0.101689
0.008855
0.003167
0.455569
1.138541
0.012994
0.024009
0.180529
0.108820
0.084961
0.611535
0.064354
0.064954
0.709445
0.292797
0.347549
0.331113
0.007838
1.144216
0.008756
0.077401
0.193431
0.545338
0.895446
0.002664
0.044685
0.004832
0.044245
0.735167
0.026553
0.232413
0.065015
0.002383
0.098431
0.089902
0.234784
0.620890
0.226565
0.228606
0.098112
0.059515
0.195768
0.150250
0.695973
0.070061
0.007791
0.015916
0.114447
0.074102
0.151700
0.636739
0.390772
0.269972
0.535031
0.633770
0.020142
0.350523
0.042161
0.158677
0.148098
0.095071
0.013619
0.064814
0.367626
0.946235
0.720952
0.006943
0.252891
0.063481
0.220736
0.228800
0.053159
0.027612
0.196422
0.016215
0.551763
0.658589
0.004491
0.484131
0.547335
0.012167
0.265407
0.193239
0.057791
0.512443
0.250624
0.501940
0.820551
1.050764
0.325964
0.618757
0.019665
0.123701
0.193215
0.215362
0.137456
0.509459
0.261915
0.562460
0.175596
0.853012
0.131951
1.497442
0.250637
0.142072
0.290772
0.033701
0.348349
0.274767
0.490720
0.023614
0.163152
0.264740
0.018828
0.431426
0.692015
0.294804
0.433382
0.867012
0.181903
0.215172
0.657288
0.338813
0.097177
0.267050
0.437525
0.557717
0.041708
0.054857
0.348909
0.377613
0.392292
0.201572
0.145223
0.968838
0.088207
0.101383
0.007535
0.026473
0.294462
0.326041
0.074119
0.404224
0.056057
0.139551
0.303795
0.450623
0.180898
0.495639
0.191627
0.327113
0.537842
0.248136
0.248021
0.810569
0.010386
0.005676
0.011123
0.111726
0.231406
0.288608
0.343133
0.005156
0.621166
0.081359
1.027258
0.127318
0.558876
0.374133
0.006954
0.215271
0.150117
1.505513
0.079181
0.150765
0.057432
0.001410
0.231915
0.290339
0.053221
0.545172
0.075353
0.831088
0.335707
1.064840
0.172814
0.546771
0.278833
0.376548
0.158559
0.214853
0.095182
0.123294
0.779280
0.024460
0.535431
0.415858
0.053022
0.168934
0.541083
0.213282
0.212665
0.210221
0.056594
1.403828
0.413906
0.100882
0.127999
0.368924
0.612338
0.240553
0.101211
0.133340
0.236043
0.652354
0.365143
0.076678
0.006079
0.321394
0.091673
0.627780
0.052468
1.679671
0.483978
0.087251
0.004750
0.515665
0.035134
0.049485
0.145529
0.056833
0.029884
0.239023
0.319072
0.461580
0.017893
0.015797
0.191794
0.406091
0.069907
0.271526
0.035140
0.686762
0.620351
0.826328
0.147834
0.025869
0.510358
0.174689
0.129001
0.167263
0.370517
0.390661
0.171721
0.092992
0.049057
0.016288
0.982772
1.025916
0.020894
0.269690
1.085200
0.257332
1.058698
0.047105
0.381183
0.552188
0.036511
0.068574
0.879353
0.079637
0.287544
0.728312
0.372726
0.444913
0.106594
0.568231
0.044655
0.153225
0.201509
0.365136
0.010405
0.023453
0.137718
0.050757
0.721275
0.175915
0.266927
0.166612
0.588262
0.779435
0.691790
0.025383
0.283173
0.450123
0.748623
0.243685
0.190417
0.058137
0.002459
0.007312
0.097957
0.382216
0.154379
0.234180
0.094963
1.086918
0.759036
0.091965
0.145498
0.033409
0.150903
0.082889
0.389074
0.112499
0.347401
0.008073
0.368039
0.304278
0.102921
0.442266
0.598940
0.708637
0.355726
0.173473
0.263708
0.430691
0.113833
0.644620
0.463480
0.355582
0.426891
0.015764
0.502991
0.177518
0.347959
0.315556
0.165253
0.399263
0.584978
1.557658
0.005299
0.739225
0.447584
0.271642
0.430961
0.128423
0.155507
0.012436
0.791014
0.494008
0.217966
0.284494
0.521002
0.054525
0.253380
0.385199
0.262238
1.128153
0.088841
0.341220
0.453004
0.148680
0.845302
0.159321
0.047509
0.056040
0.149828
1.301779
0.739236
0.689590
0.326457
0.209949
0.308452
0.278793
0.928521
0.149732
0.149189
0.391940
0.488555
0.403345
0.052159
0.301190
0.093935
0.096131
0.088492
0.002658
0.038211
0.334245
0.476771
0.033905
0.879533
0.188111
0.457609
0.012724
0.024992
0.505483
0.030449
0.011449
0.321500
0.013443
0.160813
0.506450
0.036327
0.554738
0.722788
1.107392
0.285688
0.516681
0.052032
0.256081
0.624774
0.601922
0.056476
0.529332
0.152275
0.215526
0.478736
0.331015
0.118347
0.581310
0.801101
0.495936
0.015324
0.004587
0.257043
0.031417
0.027346
0.614872
0.014623
0.099039
0.109150
0.808876
0.879709
0.460549
0.184098
0.037409
0.995671
0.075876
0.307466
0.452174
0.213825
0.650163
0.838645
0.136729
0.370741
0.029748
0.169119
0.334581
0.096386
0.140153
0.427469
0.071110
0.766598
0.045550
0.075683
0.285882
0.078437
0.549696
0.133337
0.040830
0.331724
0.167290
0.293375
0.035614
0.016342
0.105010
0.217178
0.066595
0.070039
0.542657
0.083139
0.127862
0.615072
1.849806
0.443840
0.045432
0.434060
0.028435
0.482110
0.096894
0.074249
0.166609
0.046018
0.329765
0.519701
0.329310
0.478997
0.052759
0.095460
0.544935
0.118592
0.412239
0.251024
0.048521
0.075051
0.770269
0.696622
0.271873
0.004822
0.005076
0.832923
0.480822
0.359069
0.090155
0.718029
0.022761
0.349456
0.349611
0.138761
0.502532
0.063053
0.982812
0.810454
0.124226
0.120045
0.475264
0.126048
0.266409
0.352436
0.871447
0.420710
0.096831
0.130744
0.023401
0.489387
0.558708
0.075708
0.191605
0.127456
0.099727
0.008910
0.270949
0.901649
0.056279
0.420963
0.444868
0.230016
0.565269
0.165132
0.291211
0.021133
0.049717
0.265315
0.553969
0.192820
0.813585
0.204219
0.158361
0.459216
0.760150
0.693758
0.323212
0.072602
0.110798
0.244602
0.011056
0.106488
0.465302
0.086744
0.313402
0.108668
0.042942
0.121695
0.116216
0.097675
0.111577
0.752523
0.256526
0.206279
0.092030
0.102655
0.481810
0.121948
0.048416
0.146946
0.335662
0.847728
0.536879
0.204890
0.055355
0.651651
0.012112
0.262284
1.067648
0.114366
0.222011
0.109359
0.161111
0.034559
0.288384
0.362610
0.041512
0.003139
0.082897
0.131236
0.171041
0.373821
0.220390
0.009966
0.005763
0.175867
0.055347
0.495397
0.411096
0.489129
0.287803
0.070509
0.471221
0.102449
0.054081
0.011901
0.148476
0.930207
0.345770
0.323630
0.143410
0.171892
0.721103
2.051476
0.121768
0.265927
0.200200
0.068133
0.214838
0.027941
0.477128
0.155572
0.318663
0.454619
0.080540
0.885120
1.301570
0.199265
0.022490
0.306086
0.340439
0.073835
0.451465
0.099350
0.090360
0.026748
0.289469
0.423176
0.355549
0.109358
0.105848
0.016628
0.057909
0.088078
0.070261
0.012918
0.152873
0.002995
0.209916
0.000821
0.144218
0.030546
0.053002
0.358025
0.022619
0.454822
0.342232
0.307178
0.227003
0.384229
0.074659
0.156335
0.005408
0.001271
0.161200
0.287823
1.009893
0.547730
0.016458
0.748054
0.151155
0.160535
0.052013
0.028813
0.180408
0.235848
0.573521
0.327732
0.063887
0.271777
0.515754
0.085269
0.103789
0.089432
1.074228
0.047743
0.300269
0.134672
0.387115
0.208112
0.074122
0.589157
0.231073
0.006662
0.073996
0.055439
0.116613
0.053309
0.310895
0.281325
0.147250
0.089326
0.302537
0.141249
0.438276
0.598424
0.381451
0.839676
0.107585
0.571414
0.156111
0.585411
0.288243
0.101309
0.098664
0.583504
0.198093
0.049696
0.260317
0.045770
0.018940
0.090418
0.447533
0.070026
0.597371
0.012328
0.123340
0.001286
0.349393
0.286469
0.460306
0.507200
0.715075
0.165306
0.137010
0.281379
0.199633
0.064544
0.169983
0.149067
0.659205
0.025308
0.389292
0.367248
0.735908
0.252101
0.366553
0.039409
0.620573
0.016000
0.280974
0.035866
0.078094
0.349022
0.145186
0.347635
0.074578
0.030226
0.127794
0.211410
0.497882
0.603832
0.142641
0.857699
0.248517
0.061087
0.210139
0.341708
0.431895
0.038180
1.078394
0.244254
0.001475
0.100836
0.535482
0.016786
0.112106
0.340358
0.040894
0.379687
0.267061
0.093769
0.498788
0.022725
0.064455
0.433685
0.276414
0.073231
0.149560
0.565753
0.057028
0.019984
0.207050
0.068413
0.344224
0.084123
0.062952
0.285412
0.962736
0.238436
1.016411
1.433519
0.417783
0.256050
0.139646
0.024646
0.225410
0.059276
0.251068
0.170507
0.244130
0.257197
0.246312
0.787391
0.242167
0.037510
0.647293
0.405944
0.137529
0.175966
0.247826
0.149155
0.332285
1.881197
0.016124
0.748577
1.382871
0.596289
0.186732
0.326525
0.188579
0.140145
0.050964
0.067311
0.194588
0.099456
0.069979
0.281738
0.099667
0.535692
0.027658
0.077233
0.165711
0.072315
0.544185
0.203299
0.019099
0.068449
0.359828
0.110878
0.106744
0.071004
0.003770
0.426009
0.118173
0.083912
0.033366
0.211195
0.402708
0.881675
0.809325
0.005219
0.205536
0.199245
0.239042
0.166807
0.787541
0.270370
0.171775
0.987085
0.218873
0.002446
0.295885
1.006480
0.317656
0.066843
0.546540
0.010924
0.563326
0.043463
0.552007
0.058979
0.047475
0.086956
0.210338
0.353549
0.215496
0.022081
0.881745
0.547103
0.137008
0.011511
0.157961
0.989696
0.923018
0.055479
0.065856
1.129499
0.124010
0.357261
0.793294
0.524288
0.489401
0.284536
0.494696
0.080454
0.703404
0.071876
0.039465
0.440465
1.427125
0.426899
0.292777
0.027958
0.225436
0.058999
0.233449
0.158168
0.045343
0.235587
0.470291
0.376358
0.045312
0.826243
0.806387
0.133277
1.142151
0.063402
0.153383
0.551580
0.026955
0.150425
0.002957
0.071314
0.132043
0.538768
0.294495
0.029904
0.477662
0.426872
0.109885
0.057090
0.398254
0.832116
0.074250
0.120130
0.121227
1.023074
0.015691
0.005630
0.060250
0.186197
1.013287
0.011228
0.479302
0.223599
0.662779
0.996432
0.379664
0.086267
0.723723
0.003580
1.325492
0.159975
0.094402
0.643703
0.207025
0.146205
0.109260
0.163013
0.085584
0.218908
0.171797
0.091950
0.001753
0.049301
0.455790
0.369923
0.772006
0.048454
0.783169
0.654813
0.129273
0.927017
1.237143
0.560508
0.244200
0.614535
0.050293
0.042728
0.044846
0.355988
0.966738
0.064819
0.044151
0.649881
0.631534
0.040814
0.010200
0.097818
0.095655
0.002233
0.047121
0.540814
0.019765
0.182748
0.378170
0.375614
0.111065
0.043049
0.166582
0.133891
0.178220
0.103752
0.193415
1.099324
0.002403
0.078384
0.567302
0.207630
0.459630
0.024738
1.378601
0.000754
0.462838
0.084491
0.373132
0.489987
0.397835
0.929089
0.075497
0.573430
0.288445
0.060758
0.073843
0.028485
0.698415
0.120313
0.127815
0.039032
0.487502
0.243731
0.068703
0.475758
0.230625
0.472040
0.367104
0.169347
0.132190
0.669972
0.059935
0.032152
0.587075
0.348866
0.780210
0.282986
2.166203
0.169371
0.019653
0.328949
0.086983
0.149300
0.137835
0.118522
0.218089
0.273866
0.021996
0.671146
0.128146
0.400974
0.127664
0.038138
0.119824
0.076573
0.108779
0.330934
0.340452
0.063776
0.366545
0.287162
0.053131
0.260293
0.017590
0.324185
0.092665
0.267027
0.832837
0.367592
0.245071
0.253104
0.085431
0.189629
0.016837
0.203685
1.034382
0.209780
0.408947
0.699042
0.250364
0.041722
1.385161
0.213334
0.167579
0.019412
0.385373
0.562992
0.227842
0.061411
0.367532
0.063044
0.127888
0.081869
0.224537
0.314659
0.245160
0.054174
0.080257
0.074402
0.214267
0.994662
0.319817
0.588588
0.028377
0.007505
0.235975
0.078253
0.121300
0.393888
0.029538
0.632204
0.159627
0.270285
0.013012
0.019246
0.335598
0.011567
0.303743
0.111924
0.107097
0.933835
0.596582
0.109934
0.145813
0.104717
0.038317
0.919889
0.315684
0.376034
0.165486
0.070173
0.298922
0.084561
0.734132
0.869927
1.032308
0.072562
0.105324
0.594965
0.187696
0.245133
0.375406
0.070876
0.186435
0.026166
0.009400
1.036062
0.384120
0.291761
0.068767
0.104980
0.756301
1.529496
0.308621
0.770916
0.150613
0.556958
0.390547
0.075052
0.764153
0.004258
0.093743
0.204061
0.834535
0.130183
0.034772
0.384589
0.332611
0.038318
0.350500
0.147335
0.163987
0.847345
0.535724
1.134693
0.363309
0.146583
0.140307
0.045847
0.021117
0.215078
0.052217
0.261794
0.071526
0.209597
0.685014
0.187832
0.775452
0.107414
0.043424
0.368598
0.170592
0.331373
0.259328
0.171666
0.135433
0.073717
1.424452
0.068190
0.185485
0.668770
0.508326
1.216481
0.292992
0.100450
0.607574
0.020427
0.855988
0.178114
0.343697
0.673473
0.219495
0.515106
0.547270
0.213416
0.726338
0.085607
0.051241
0.369396
0.521479
0.159192
0.009203
0.168264
0.076606
0.022388
0.054183
0.276552
0.143164
0.477956
0.074496
0.277763
0.093733
0.100146
0.048688
0.406479
0.099252
0.333119
0.349904
0.242342
0.325545
0.343613
0.030731
0.444262
0.219173
0.505453
0.035269
0.017771
0.312015
0.110125
1.259460
0.109690
0.179995
0.126545
0.245502
0.071712
0.968383
0.095997
0.755825
1.257082
0.123849
0.509191
0.680243
0.010883
1.060145
0.145208
0.124178
0.487966
0.054969
0.008309
1.034354
0.005337
0.304726
0.252423
0.163601
0.524907
0.508302
0.007381
0.288781
0.586668
0.147851
0.039889
0.256150
0.004986
0.145209
0.207517
0.072539
0.264169
0.527545
0.191624
0.234459
0.062957
0.002524
0.191537
0.086525
0.299328
0.031805
0.180733
0.217909
0.459368
0.016032
0.660068
0.050135
0.751277
0.501058
0.662978
0.779019
0.025921
0.134712
0.269280
0.120691
0.323875
0.612777
0.068264
0.114670
0.614864
0.120322
0.025536
0.412213
0.104111
0.262660
0.020425
0.249749
0.504508
0.176396
0.135804
0.440453
0.223415
0.193287
0.057472
0.340752
0.529795
0.000101
0.110659
0.316335
0.048760
0.586536
0.043293
0.083873
0.183440
0.044561
0.708001
0.211839
0.148080
0.283000
0.412780
0.235735
0.311786
0.343228
0.171892
0.098603
0.040191
0.326048
0.142454
0.919778
0.096205
0.457832
0.174026
0.050573
0.148445
0.296391
0.335671
0.128090
0.076823
0.050925
0.269499
0.341692
0.693966
0.201842
0.120498
0.480922
0.302462
0.387485
0.019990
0.520040
0.149962
0.333212
0.022782
0.000067
0.009153
0.023403
0.027411
0.592556
0.238477
0.019035
2.021498
0.169025
0.343661
0.325705
0.131745
0.524079
1.023167
0.158174
0.131241
0.164841
0.534624
0.209250
0.032132
0.003096
0.324605
0.048124
0.436689
0.274680
0.071136
0.021182
0.332318
0.052389
1.185834
0.216300
0.118829
0.489131
0.288445
0.322456
0.466676
0.180637
0.013459
0.052087
1.422245
0.293417
0.007229
0.048032
0.033841
0.088921
0.318564
0.786293
0.254415
0.207384
0.765731
0.042092
0.686922
0.308856
0.080742
0.437936
0.057682
0.268905
0.184920
0.034093
0.830278
0.065294
0.136522
0.303848
0.094462
0.029859
0.107153
0.141857
0.493373
0.236263
0.766284
0.045015
0.526321
1.276549
1.225400
0.106731
0.031755
0.433232
0.173969
0.306499
0.030870
0.997884
0.150935
1.010425
0.002316
0.104387
0.190094
0.138156
0.070459
1.177985
0.238308
0.828213
0.219552
0.462813
0.308032
0.044477
0.359461
0.413051
0.378534
0.202791
0.014959
0.531795
1.038111
0.020719
0.013064
0.169657
0.400639
0.179008
0.511575
0.636456
0.271567
0.287369
0.309828
0.139136
0.068290
0.723494
0.090145
0.525558
0.219002
0.403417
0.464584
0.643983
0.546677
0.119070
0.539338
0.610132
0.308113
0.066373
1.261625
0.481198
0.145451
0.108296
0.505588
0.323333
0.140722
0.712069
1.380745
0.340473
0.534300
0.272358
0.109131
0.480683
0.361433
0.638536
0.128281
0.837527
0.356070
0.416448
0.554469
0.182163
0.548146
0.664903
1.061246
0.274442
0.019114
0.082886
0.065923
0.045439
0.142746
0.265772
1.371687
0.025757
0.945942
0.237548
0.484397
0.527960
0.130911
0.363980
0.408742
0.119710
0.775635
0.640981
0.003317
0.578393
0.146742
0.946856
0.018071
0.555128
0.214987
0.097079
0.202978
0.539184
0.167751
0.182477
0.646170
0.550873
0.074608
0.214922
0.153725
0.063905
0.067471
0.035565
0.054906
0.164284
0.087470
0.387523
0.029218
0.082224
0.978579
0.253593
0.060969
0.516459
0.005117
0.109281
0.044737
0.159056
0.188841
0.743593
0.205296
0.688422
0.951169
0.013718
0.033617
0.498975
0.104490
0.186730
0.319093
0.167197
0.604690
0.008106
0.091345
0.019159
0.090077
1.280582
0.008735
0.235484
0.073883
0.405565
0.053704
0.408530
0.219931
0.987574
0.024791
0.222395
0.723638
0.220798
0.166425
0.771327
0.529547
0.456540
0.156381
0.119129
0.099386
1.091643
0.024253
0.043545
0.300307
0.644760
1.158597
0.281584
0.590489
0.135648
0.217329
0.439357
0.057639
0.363523
0.165827
0.013961
0.132048
0.405191
0.482230
0.346256
0.385479
0.138613
0.111357
0.152547
0.173029
0.118432
0.650124
0.361746
0.049289
0.042741
0.194904
0.304003
0.355182
0.167153
0.258551
0.278846
0.104513
0.491036
0.126778
0.042261
0.046985
0.313486
0.192911
0.559239
0.628391
0.079461
0.454320
0.344309
0.248084
1.627833
0.055885
0.163416
0.158239
0.094324
0.287821
0.580635
0.196067
0.025342
0.091428
0.381300
0.184512
0.014011
0.087543
0.226642
0.116587
0.069192
0.144025
0.035251
0.653724
0.116298
0.189908
0.220792
0.178863
0.764172
0.050316
0.204359
0.050837
0.018824
0.365738
0.122131
0.404401
0.200875
0.011293
0.025168
0.008115
0.257067
0.155626
0.103441
0.107105
0.169608
0.600671
0.666559
0.521065
0.410981
0.038491
0.139459
0.517188
0.068164
0.387615
0.034533
0.506056
0.089644
0.089525
1.002694
0.035098
0.690087
0.104826
0.098402
0.046797
0.017808
0.142853
0.176320
0.112645
0.002083
0.665147
0.554466
0.297601
0.043993
0.048745
0.199200
0.056562
0.099169
0.074251
0.440206
0.331040
0.069754
0.887340
0.277798
0.472758
0.333650
0.186778
0.190309
0.167171
0.021210
0.855750
0.126712
0.017143
0.032935
0.145133
0.376422
0.207869
0.120538
0.709553
0.021280
0.093719
0.645890
0.189661
0.187917
0.025048
0.272602
0.390816
0.546877
0.036127
0.254130
0.507718
0.668041
0.029340
0.046834
0.708962
0.144522
0.165349
0.396333
0.073865
0.047564
0.246158
0.288268
0.820549
0.032083
0.311030
0.039839
0.262401
0.309408
0.161745
0.150527
0.160254
0.518792
0.568394
0.179957
0.408929
0.171729
0.174279
0.292302
0.281135
0.183319
0.195089
0.593603
0.121060
0.295810
0.045638
1.141016
0.013350
0.454807
0.054630
0.322738
0.001357
0.118766
0.012620
0.164386
0.289543
0.005237
0.239193
0.154118
0.617901
0.150856
0.008365
0.082390
0.623639
0.199705
0.148546
0.113017
0.102095
0.044978
0.250484
0.045235
0.045707
0.047268
0.081129
0.673719
0.066333
0.009344
0.897552
0.201816
1.051806
0.464813
0.190289
0.167634
0.000148
0.163440
0.081769
0.142931
0.586094
0.289468
0.855921
0.439212
0.575595
0.034539
0.216000
0.518690
0.450120
0.513037
0.167830
0.041509
0.220870
0.251589
0.431109
0.137376
0.683220
0.627972
0.413979
0.409530
1.372873
0.028667
0.129168
0.174965
0.164388
0.338348
0.173494
0.141783
0.008577
0.014727
0.200816
0.116858
0.078806
0.005927
0.024060
0.059380
0.193384
0.078840
0.184676
0.405472
0.023576
0.296941
0.423927
0.704948
1.538287
0.062065
0.013346
0.313821
0.235427
0.708496
0.271385
0.518187
0.003337
0.190543
0.066362
0.060089
0.022441
0.873726
0.149083
0.478399
0.446157
0.495122
0.108029
0.438054
0.181857
0.818093
0.342390
0.684310
0.919783
0.132658
0.132385
0.000861
0.536369
0.288381
0.053892
0.292192
0.858785
0.779758
1.412846
0.123253
0.086538
0.000959
0.046442
0.089226
0.295709
0.001890
0.794677
0.313400
0.584576
0.100448
0.222371
0.735902
0.034883
0.024358
0.048626
0.068068
0.058872
0.009518
0.051187
0.173935
0.115969
0.177535
0.209133
0.368621
0.259278
1.060546
0.869049
0.687088
0.221381
0.083616
0.180555
0.202961
0.216441
0.842463
0.332976
0.824884
0.049071
0.306437
0.092411
0.005523
0.001283
0.138969
0.061032
0.118917
0.012976
0.008972
0.085383
0.387491
0.197466
0.384008
0.742211
0.207540
0.265439
0.066778
0.129842
0.414080
0.462561
0.046800
0.064655
0.185798
0.178349
0.285816
0.603637
0.085014
0.029980
0.027684
0.112293
0.138508
0.039049
0.534688
0.134056
0.086050
0.100047
0.645154
0.297540
0.497292
0.039905
0.054960
0.156544
0.187041
0.044053
0.065795
0.024807
0.022646
0.050150
0.083875
0.107628
0.276224
2.026812
0.255613
0.195584
0.146493
0.034498
0.323566
0.181699
0.322917
0.150605
0.071602
0.121711
0.048860
0.093774
0.913393
0.065400
0.273362
0.780444
0.154466
0.116556
0.034099
0.042673
0.790134
0.190682
0.117716
0.013234
0.370722
0.043209
0.207312
0.421397
0.486635
0.587181
0.089298
0.050898
0.037959
0.114726
0.125406
0.065612
0.038875
0.161152
0.163660
0.042828
0.514955
0.027910
0.147610
0.146285
0.150213
0.289011
0.217858
0.276543
0.395231
0.029364
1.009620
0.222256
0.421146
0.066775
0.192148
0.443014
0.114655
0.244524
0.617768
0.225507
0.222725
0.360307
0.763763
0.090540
1.099078
0.404697
0.149875
0.056081
0.090159
0.156646
0.367570
0.155259
0.016549
0.025545
0.840719
0.024857
0.699359
0.735488
0.283131
0.323177
0.576415
0.542215
0.374468
0.420665
0.767192
0.082953
0.158229
0.418860
0.345190
0.153791
1.774403
0.014255
0.062461
0.047908
0.124208
0.836438
1.427691
0.442140
0.163750
0.794732
0.121247
0.231037
0.379003
0.128891
0.368634
0.743795
0.129448
0.446622
0.022195
0.714191
0.189337
0.132420
0.953040
0.029086
0.217357
0.928380
0.142179
0.091495
0.183640
0.327903
0.091823
0.863968
0.741448
0.460220
0.224995
0.165357
0.080919
0.129781
0.188061
0.120773
0.219922
0.003492
0.492729
0.426994
0.463607
0.031268
0.095503
0.076072
0.249652
0.986067
0.132863
0.540085
0.011919
0.333432
0.147664
0.130775
0.325177
0.558481
0.813226
0.157676
0.213456
0.183901
0.016423
0.244178
0.407111
0.756297
0.071658
0.244398
0.476218
0.066954
0.098108
0.161938
0.342054
0.564794
0.103746
0.278584
0.977966
0.908317
0.523692
0.159794
0.361463
0.197102
0.216877
0.133460
1.465129
0.416178
0.235363
0.009526
0.117123
0.590228
0.028540
0.647352
0.174635
0.026839
0.190995
0.473318
0.015378
0.204476
0.350838
0.171850
0.104617
0.280425
0.235713
0.037998
0.669330
0.577473
0.229074
0.756716
0.288268
0.010220
0.852868
0.329542
0.049288
0.006617
0.418155
0.143830
0.042641
0.332788
0.242964
0.523858
0.276529
0.179586
0.119193
1.439809
0.907673
0.019861
1.428043
0.428621
0.087173
0.458675
0.314702
0.296976
0.615787
0.107889
0.509064
0.251071
0.142427
1.074839
0.023599
0.265786
0.555037
0.019387
0.589334
0.224539
0.241699
0.111773
0.438058
0.046551
0.199189
0.137477
0.237996
0.069339
0.234270
0.004269
0.294577
0.266863
0.046652
0.114014
0.174752
0.540221
1.434866
0.268814
0.460404
0.138754
0.702143
0.879656
1.496991
0.288610
0.026278
0.072899
0.075641
0.282187
0.128064
0.170375
0.434781
0.030312
0.008906
0.079753
0.311661
0.082352
0.789514
0.225863
0.238895
0.214065
0.019049
0.304175
0.264881
0.370840
0.121854
0.658579
0.165355
0.439942
0.000446
0.261122
0.797023
0.059030
0.000597
0.005074
0.136656
0.520107
0.073905
0.322660
0.484114
0.083708
0.667230
0.265064
0.161019
0.143166
0.056289
0.539429
0.509890
0.069881
0.017733
0.047822
0.149787
0.134042
0.828366
0.433245
0.055403
0.669575
0.972242
0.960897
0.207819
0.310785
0.713005
0.060544
1.801624
0.101884
0.129121
0.083260
0.365838
0.394455
0.077937
0.073676
1.574092
0.492455
0.093932
0.502062
0.364500
0.168766
0.848275
0.400537
0.098531
0.727363
0.133761
0.458300
0.202091
0.158748
0.067664
0.216182
0.226288
0.113748
0.079401
0.232798
0.165177
0.235574
0.429961
0.798914
0.215593
0.275593
0.029818
0.067931
0.148640
0.236357
0.071099
0.223676
0.410552
0.377615
0.575882
0.277377
0.418728
0.306570
0.033344
0.303173
0.339921
0.104423
0.476302
0.137435
0.580468
0.629610
0.164295
0.476164
0.084874
0.063333
0.579377
0.026802
0.343911
0.404968
0.203409
0.088697
0.010248
0.150240
0.154013
0.187239
0.068567
0.100815
0.079329
0.046296
0.123186
0.621776
0.618801
0.233171
0.338953
0.283036
0.261685
0.180124
0.336119
0.140562
0.112720
0.077364
0.150434
0.409377
0.011674
0.451584
0.481674
0.343013
0.323181
0.043980
0.129969
0.046599
0.208340
0.177719
0.152797
1.235491
0.161715
0.603047
0.115031
0.069523
0.146482
0.153213
0.214168
0.028352
0.304395
1.023474
0.035831
0.501741
0.143435
0.035557
0.442571
1.038188
0.388080
0.483928
0.558132
0.514552
0.188658
0.197879
0.025616
0.420898
0.710235
0.924189
0.885865
0.184609
0.422262
0.145220
0.568381
0.062768
0.018988
0.065706
0.098689
0.059043
0.206400
0.407544
0.225029
0.739841
0.050612
0.003060
0.110276
0.355261
0.061174
0.007274
0.102500
0.682530
0.100713
0.056167
0.106300
0.213163
0.475022
0.330141
0.602465
0.178560
0.071270
0.064842
0.016054
0.279327
0.119131
0.132222
0.144922
0.013542
0.150943
0.051321
0.050180
0.677976
0.059823
0.354543
0.185431
0.126872
1.058384
0.217354
0.763703
0.073650
0.235388
0.082903
0.483599
0.019595
0.082293
0.877195
0.229741
0.186948
0.122144
1.130049
1.082374
0.203081
0.200773
0.042706
0.166052
0.062134
0.246735
0.142318
0.620857
0.334794
0.487564
0.359081
0.083679
0.198578
0.124690
0.176719
0.024604
0.589368
1.014207
0.857161
0.051324
0.016318
0.191881
0.577220
0.282261
0.309400
0.013045
0.010616
0.819750
0.194641
0.184112
0.188782
0.168277
0.156157
0.032856
0.100597
0.078464
0.033443
0.168375
0.327516
0.709580
0.421187
0.477638
0.109844
0.299114
0.044838
0.112604
0.111925
0.265293
1.277691
0.010879
0.065696
0.187398
0.385712
0.550672
0.075575
0.001013
0.817486
0.035261
0.166790
0.087234
0.045252
0.361169
0.210797
0.140841
0.126199
0.710852
0.601159
0.016159
0.550506
0.053537
0.078200
0.196291
0.291748
0.236845
0.034784
1.175612
0.429277
0.284687
1.084337
1.826070
0.266884
0.171403
0.306026
0.405552
0.009457
0.360434
0.195761
0.274672
0.042627
0.013667
0.231675
0.107673
0.493685
1.046144
0.254660
0.763688
0.089180
0.128636
0.121539
0.136450
0.010350
0.167179
0.205901
1.085239
0.139272
0.087538
0.987083
0.423178
0.020505
0.090175
0.103879
0.445383
0.104264
0.770135
0.367894
0.604643
0.563172
0.335410
0.226774
0.721043
0.066607
0.254388
0.221998
0.101048
0.243100
0.076791
0.320051
0.047107
0.380824
0.299196
0.968633
0.300911
0.370696
0.279263
0.451484
0.329838
1.004819
0.648190
0.433726
0.015598
0.023867
0.460025
0.691580
0.062360
0.547714
0.001478
0.166480
0.084667
0.706157
0.035829
0.140663
0.556595
0.275533
0.578526
0.222297
0.029611
0.114974
0.299979
0.189156
1.628846
0.247445
0.170228
0.275872
0.141479
0.126575
0.104110
0.152438
0.965525
0.138240
0.553891
0.157104
0.167764
0.766859
0.352132
0.120414
0.045606
0.734939
0.112863
0.443310
0.649016
0.139867
0.135081
0.025046
0.418144
0.042391
0.310848
0.011075
0.045771
0.396022
0.092164
0.012422
0.040968
0.082304
1.233079
0.071022
0.051397
0.066609
0.139787
0.111826
0.270121
0.184932
0.256075
0.396852
0.295814
0.009644
0.045555
0.323419
0.215825
0.071687
0.685800
0.276959
0.222963
0.216227
0.738543
0.371060
0.395490
0.353699
0.245592
0.187965
0.259961
0.704644
0.249720
0.033724
0.107019
0.454069
0.081372
0.069044
0.059214
0.418814
0.419913
0.661584
0.300728
0.525836
0.078843
0.308283
0.200731
0.351430
0.709645
0.049933
1.014772
0.296910
0.037202
0.176598
0.333867
0.942523
0.491238
0.304406
0.442230
0.085998
0.684999
0.057141
0.281659
0.021197
0.586638
0.027145
0.534582
0.358093
0.220240
0.107856
0.336176
0.235992
0.305080
0.113680
0.047816
0.207951
0.361212
0.056860
0.447707
0.287179
0.000202
0.021489
0.232800
0.763417
0.014764
0.603060
0.313140
0.228958
0.184635
0.250994
1.138264
0.005344
0.131968
0.025133
0.019962
0.058479
0.255672
0.258142
0.064570
0.332351
0.864593
0.199977
0.128264
0.585185
0.724598
0.202442
0.032605
0.598300
0.233161
0.058373
0.735432
0.030712
0.106986
0.693367
0.290916
0.254202
0.231293
0.257311
0.260936
0.173815
0.424297
0.173521
0.461777
0.228223
0.267059
0.108693
0.094234
0.545967
0.527570
1.329138
0.010347
0.610121
0.378321
0.201781
0.862341
0.514988
0.393105
0.378922
0.329372
0.932962
0.258719
0.171682
0.083903
0.233301
0.022716
0.336435
0.087825
0.343680
0.438224
0.124153
0.747342
0.144101
0.042279
1.066921
0.117492
0.156676
0.025423
0.261876
1.108484
0.171003
0.150292
0.253768
0.442125
0.287652
0.424385
0.042913
0.564247
1.676630
0.005422
0.308911
0.016538
0.174360
0.127375
0.512548
0.118622
0.487058
0.359688
0.972166
0.388123
0.292300
0.072335
0.066988
0.147917
0.445760
0.369803
0.098123
0.052864
0.332577
0.436472
0.280793
0.021875
0.288947
0.253760
0.235791
0.083794
0.207735
0.179314
0.236215
0.035909
1.058415
0.117787
0.376211
0.142136
0.076161
0.030220
0.179751
0.035617
0.434314
1.442267
0.087015
0.216612
0.108039
0.006019
0.278252
0.343075
0.145516
0.169301
0.208893
0.178669
0.193753
0.088922
0.402200
0.463605
0.258131
0.021103
0.039121
0.145471
0.037830
0.093352
0.573565
0.028965
0.126566
0.149290
0.337040
0.829336
0.411553
0.310300
0.307616
0.153317
0.090911
0.337479
0.146027
0.004707
0.338733
0.231326
0.022825
0.155312
0.034043
0.443047
0.726599
0.932669
0.185905
0.155379
0.156375
0.007813
0.098858
0.449144
0.199882
0.162611
0.450032
0.058113
0.062863
0.141613
0.100167
0.801558
0.919129
0.238083
0.159927
0.047404
1.222063
0.105760
0.315017
0.263959
0.009559
0.222357
0.104415
0.200581
0.830223
0.404442
0.452078
0.418720
0.145011
0.363752
0.203805
0.505497
0.456819
0.163401
0.104859
0.639051
0.127863
0.125696
0.084232
0.862534
0.543239
0.029716
0.050362
0.113922
0.269266
2.356352
0.192749
0.145847
0.235580
0.080179
0.223582
0.239605
0.746187
0.161962
0.146208
0.961501
0.002543
0.579226
0.254225
0.247893
0.114056
0.473656
0.643948
0.616392
0.297732
0.073952
0.172410
0.058309
0.251626
0.383602
0.106089
0.677551
0.191884
0.439694
0.224522
0.643705
0.592486
0.306399
0.082290
0.021937
0.582564
0.118095
0.319575
0.282518
0.074360
0.446104
0.052831
0.518286
0.017543
0.132302
0.603099
0.288840
0.108929
0.012702
0.177554
1.227296
0.411704
0.057193
0.246469
0.496577
0.342438
0.206975
0.385289
0.109957
0.051712
0.330529
0.226817
0.391574
0.515984
0.425359
0.168246
0.083219
1.144402
0.135437
0.827739
0.130335
0.374540
0.136963
0.338544
0.326003
0.347977
0.013180
0.252922
0.764963
0.219181
0.145877
0.030277
0.000670
0.000686
0.059188
0.034650
0.140111
0.215248
0.153594
0.172777
0.279978
0.217385
0.095400
0.195719
0.060330
0.322407
1.471431
0.313533
0.024264
0.828335
0.052759
0.076244
0.101533
0.574571
0.707705
0.015150
0.276765
0.001902
0.356776
0.003779
0.730131
0.175137
0.063835
0.141581
0.048503
0.124328
0.288759
0.034351
0.500815
0.287075
0.124327
0.164718
0.384145
0.054246
0.208535
0.189503
0.639677
0.025824
0.072631
0.275346
0.045319
0.085757
0.082143
0.587525
0.134387
0.221551
0.254467
0.066142
0.009817
0.031184
0.158833
0.590832
0.501624
0.211164
0.078303
0.017369
0.055532
0.472065
0.327937
0.169385
0.232197
0.093959
0.416849
0.685603
0.464652
0.231349
0.104950
0.081064
0.236557
0.120005
0.243757
0.403948
0.159942
0.236192
0.274017
0.719732
0.451011
0.228952
0.008723
0.194514
0.068693
0.031240
0.173922
0.299670
0.805019
0.204390
0.240629
0.423026
0.178000
0.341020
0.064155
0.422271
0.316365
0.302803
0.278479
0.627138
0.002265
0.501688
0.330536
0.146535
0.490279
0.211063
0.096038
0.250345
0.438111
0.245604
0.180572
0.143581
0.150663
0.017029
0.018705
0.130965
0.389678
0.184678
0.190558
0.011538
1.095496
0.063630
0.116309
0.733239
0.106787
0.830810
0.395401
0.085827
0.362973
0.051281
0.661194
0.266406
0.345788
0.619190
0.140781
0.033983
0.351193
0.165935
0.165497
0.508666
0.075878
0.058361
0.271552
0.290965
0.188802
0.032449
0.153804
0.604406
0.420279
0.063737
0.341847
0.255570
0.850698
0.132773
0.271279
0.232644
0.501313
0.267371
0.081294
0.146013
0.285164
0.093066
0.053063
0.968770
0.459795
0.071486
0.126864
0.059538
1.699454
0.103069
0.036763
0.542299
0.312811
0.004481
0.101948
0.047286
0.259964
0.280948
0.238270
0.039389
0.320795
0.067698
0.293599
0.475914
0.378891
0.278137
0.058186
0.321979
0.063400
0.934233
0.665217
0.035221
0.261929
0.731163
0.094186
0.000787
0.304554
0.377845
0.628894
0.108404
0.232445
0.155392
0.114401
0.043443
0.638725
0.280183
0.052191
0.185493
0.145196
0.029439
0.175190
0.038961
0.062106
0.857897
0.591038
0.502750
0.407311
0.106397
0.132532
0.361263
0.332963
0.553513
0.419766
0.232581
0.309404
0.519577
0.169226
0.091142
0.229210
0.717393
0.298517
0.081050
0.327830
0.484196
0.325486
0.465232
0.016056
0.425901
0.861899
0.591391
0.365368
0.018101
0.327029
0.017757
1.433345
0.011210
0.131182
0.574097
0.055552
0.059733
0.062300
0.501671
0.310403
0.013301
0.284210
0.284951
0.296242
0.625476
0.341213
0.204435
0.296067
0.233728
0.082260
1.069703
0.082502
0.034257
0.117932
0.058301
0.706209
0.217309
0.146550
0.131049
0.743619
0.125351
0.172768
0.192425
0.386065
0.053624
0.018882
0.363889
0.119593
0.252299
0.009473
0.050151
0.065642
0.526640
0.282328
0.189027
0.076988
0.018441
0.286259
0.053893
0.181144
0.261741
0.666751
0.000308
0.014259
0.290569
0.022967
0.366556
0.154388
0.666125
0.472025
0.349884
0.515514
0.124264
0.032410
0.147816
0.114266
0.273803
0.067686
1.134265
1.495410
0.358916
0.311427
0.268860
0.109476
0.104122
0.210889
0.052612
0.055445
0.727069
0.250770
0.321658
0.351691
0.253358
0.171686
0.472632
0.971116
0.030294
0.171961
0.239107
0.217956
0.186015
0.403159
0.329214
0.492660
0.255022
0.063992
1.209873
0.369484
0.593402
0.114303
0.886280
0.037775
0.037867
0.015817
0.243230
0.131776
0.676930
0.033511
0.675762
0.017983
0.119126
0.172651
0.516922
0.183861
0.040649
0.227451
0.036096
0.270040
0.805275
0.025454
0.167781
0.212938
0.026886
0.131987
0.878218
0.055312
0.257279
0.207513
0.314103
0.535844
0.212667
0.433667
0.786222
0.417704
0.188901
0.070298
0.459442
0.064120
0.019252
0.097322
0.004158
0.174896
0.178530
0.329948
0.070119
0.643366
0.108163
0.026639
0.517964
0.226927
0.323098
0.056078
0.055262
0.071945
0.164320
0.087433
0.445837
0.049946
0.244468
0.830378
0.119380
0.431708
0.796978
0.446680
0.415503
0.078770
0.299991
0.017569
0.076753
0.339071
0.166799
0.001345
0.010302
0.347231
0.275981
0.486174
0.173705
0.397882
0.803824
0.047546
0.135862
0.578333
0.425267
0.248480
0.540462
1.139789
0.245213
0.098269
0.209206
0.102017
0.104182
0.223828
0.019170
0.016951
0.138776
0.036521
0.210397
0.096325
0.371480
0.017173
1.206545
0.124049
0.128629
0.438178
1.116459
0.202103
0.428790
0.020998
0.157414
0.190418
0.527394
0.159775
0.170992
0.182962
0.216072
0.025632
0.212598
0.143368
0.067272
0.290308
0.011480
0.046305
1.268334
0.130388
0.483917
1.067584
0.582396
0.475968
0.029551
0.576891
0.082720
1.528036
0.005365
0.335784
0.171054
0.092551
0.125024
0.379911
0.026069
0.410165
0.093881
0.166353
0.895086
1.923383
0.527871
0.536371
0.139278
0.289027
0.433454
0.080868
0.371577
0.057780
0.331069
0.956360
0.936509
0.569294
0.064362
0.297751
0.078762
0.160333
0.394954
0.046684
0.336521
0.188350
0.533419
0.272659
0.579317
0.873693
0.484617
0.372980
0.031639
0.062345
0.019500
0.254245
0.073361
0.114997
0.148851
0.056459
0.103644
0.098237
0.640399
0.077757
0.038142
0.888497
0.046052
0.797092
0.129979
0.272653
0.268821
0.696105
0.222663
0.028404
0.170797
0.124148
0.223694
0.233203
1.120048
0.219879
0.100884
0.218118
0.116886
0.048312
0.031678
0.324113
0.049379
0.075499
0.108076
0.164406
0.709509
0.091775
0.296858
0.293768
0.606760
0.307291
0.794678
0.175336
0.017430
0.246514
0.000076
0.855512
0.106102
0.208605
0.309094
0.035889
0.135230
0.136934
0.921939
0.048850
0.509078
0.332844
0.390875
0.494748
0.201361
0.963491
0.237945
0.130311
0.017184
0.037527
0.206124
0.347987
0.029378
0.018924
0.394660
0.022520
0.003375
0.270942
1.158102
0.285585
0.976208
0.078763
0.379483
0.242394
0.156200
0.261623
0.356353
0.051060
0.335517
0.556600
0.017279
0.008925
0.771135
0.327930
0.180426
0.010684
0.366052
0.477211
0.144613
0.312242
0.436564
0.011633
0.223149
0.061111
0.285197
0.099420
0.037919
0.257507
0.061255
0.269788
0.195313
0.429315
0.087993
0.623331
0.242938
0.504896
0.339497
0.042693
0.078606
0.122972
0.174111
0.128513
0.436032
0.376025
0.003406
0.762762
0.395357
0.253879
0.552299
0.004367
0.237304
0.418804
0.677033
0.104592
0.904773
0.294314
1.287415
0.240400
0.700432
0.258155
0.210406
0.591691
0.352423
0.241204
0.207656
0.191666
0.126753
0.157419
0.340941
0.031185
0.517376
0.493972
0.069331
0.363344
0.277201
0.265681
0.018445
1.522810
0.075081
0.622937
1.339833
0.468470
0.141871
0.015879
0.015738
0.430690
0.624827
0.641503
0.416443
0.097591
0.626042
0.259961
0.359366
0.032748
0.571927
0.128314
0.188667
0.392230
0.163098
0.366646
0.677593
0.823301
0.008036
0.414933
1.192253
0.601598
0.329667
0.060830
0.025313
0.273108
0.411514
0.283934
0.007996
0.063495
0.576734
0.018839
0.152499
0.094241
0.164304
0.759347
0.660966
0.180403
0.021631
0.069913
0.009358
0.159238
0.548177
0.173770
0.058776
0.063789
0.029223
0.356008
0.134799
0.767204
0.342148
0.226267
0.244690
0.002279
0.098155
0.133580
0.008508
1.417678
0.166162
0.138186
0.334961
0.514772
0.186425
0.374479
0.408472
0.035083
0.396866
0.431249
0.630745
0.070495
0.125764
0.169305
0.365660
0.448774
0.017915
0.029641
0.111817
0.891086
0.493017
0.134491
0.026041
0.109730
0.175255
0.053734
0.254804
0.228625
0.066394
1.019962
0.119202
0.272905
0.262217
0.158422
1.624782
0.320094
0.142534
0.253029
0.142779
0.099275
0.132258
0.540097
0.045268
0.231988
0.106173
0.592905
0.029867
0.200459
0.129338
0.151499
0.513743
0.323848
0.026624
1.065424
0.765954
0.018528
0.050432
0.260328
0.980210
0.060792
0.021418
0.150042
0.064412
0.149374
0.131618
0.265706
0.057375
0.156709
0.809731
0.079767
0.405034
0.140946
0.283761
0.002437
0.481423
0.357157
0.101761
0.433900
0.093431
0.760196
0.069136
0.431898
0.011897
0.442035
0.036599
0.336169
0.015834
0.314914
0.206632
0.200109
0.287325
0.076878
0.342700
0.160901
0.016244
1.158735
0.852395
0.013779
0.209867
0.317289
0.063532
0.296354
0.052768
0.072115
0.005725
0.297019
1.239017
0.155849
0.137602
0.121733
0.049209
0.116910
0.350242
0.299233
0.117374
0.181137
0.603504
0.053136
0.751208
0.387088
0.200497
0.790650
0.587079
0.062618
0.291879
0.159132
0.534535
0.034853
0.218050
0.013473
0.417062
0.073194
0.241066
0.361137
0.512004
0.163648
0.122323
0.721560
0.734860
0.154023
0.670408
0.732793
0.094084
0.577729
0.003951
0.177441
0.016404
0.250989
0.474294
0.355718
0.240429
0.009972
0.055313
0.914806
0.324866
0.185374
0.003477
0.238652
0.554269
0.076782
0.227643
0.214139
0.309626
0.268993
0.528700
1.044342
0.364910
0.372443
0.200337
0.121866
0.383824
0.071741
0.084006
0.319551
0.671270
0.054174
0.107474
0.024599
0.070077
0.820098
0.023491
0.419381
0.447966
0.089515
0.134430
0.045585
0.263652
0.081944
0.023277
0.225621
0.057283
0.018633
0.233228
0.013299
1.743737
0.244050
0.264417
0.194644
0.161486
0.269041
0.035799
0.372280
0.586690
0.210271
0.411060
0.420322
0.325704
0.089707
0.404645
0.100427
0.488115
0.105657
0.213710
0.210443
0.284702
0.035363
0.020176
0.700335
0.112136
1.232888
0.307845
0.139694
0.257670
0.366237
2.123114
0.609209
0.672700
2.244777
0.409708
0.210383
0.076434
0.615939
0.087538
0.160590
0.319791
0.056958
0.035932
0.381219
0.172749
0.387525
0.426614
1.208518
0.128738
0.038216
0.113168
1.016590
0.053857
0.401493
0.178496
0.478731
0.589916
0.206896
0.248756
0.116460
0.030899
0.031186
0.083777
0.083329
0.912057
0.013621
0.546797
0.019117
1.276924
0.346341
0.109050
0.292265
0.399085
0.531803
0.047397
0.767184
0.415482
0.759599
0.022014
0.825394
0.453348
0.058151
0.436432
0.370020
0.171756
0.341587
0.091728
0.052676
0.156019
0.574871
0.061466
0.081960
0.187490
0.286294
0.773341
0.282904
0.099286
0.117541
0.338924
0.777739
0.809616
0.255828
0.099333
0.562184
0.065139
0.681555
0.099366
0.046023
0.007811
0.171983
0.129286
0.379699
0.593141
0.167570
0.825271
1.601003
0.133105
0.057404
0.021292
0.091184
0.122702
1.429708
0.109218
0.050731
0.890101
0.275541
0.311438
0.498308
0.187948
0.450511
0.284942
0.027525
0.002476
0.438225
0.004880
0.445400
0.138285
0.737109
0.013560
0.015269
0.718402
0.067185
0.437329
0.064332
0.255140
0.066393
0.227456
0.390675
0.251545
0.592998
0.113146
0.236306
0.295858
0.767069
0.324644
0.007021
0.195272
0.003941
0.115616
0.699883
0.133385
0.159025
0.770095
0.365212
0.034612
1.300578
0.321500
0.630000
0.524034
1.513172
0.054606
0.021839
0.006346
0.210363
0.000072
0.422541
0.043433
0.469651
0.108681
0.193910
0.019041
0.048529
0.000270
0.271863
0.011326
0.037160
0.147579
1.013007
0.222740
0.262058
0.110304
0.002054
0.006823
0.227006
1.214770
0.303606
0.097856
0.135713
0.956695
0.071929
0.694520
0.168052
0.384147
0.209365
0.015174
0.041569
0.496264
0.293854
0.309666
0.829159
0.573356
0.151380
0.872079
0.204864
0.273875
0.048604
0.361364
0.086505
0.018624
0.228114
0.022322
0.828168
1.123763
0.417553
0.051269
0.200620
0.140718
0.656413
0.432364
0.105940
0.585107
0.056707
0.107840
0.008855
0.083585
0.404836
0.024086
0.105012
0.501016
0.031205
0.830487
0.074822
0.431484
0.134576
0.179176
0.116996
0.236841
0.177464
0.170948
0.223806
0.035638
0.274051
0.088865
0.187719
0.142895
0.030752
0.121836
0.294604
0.003163
0.057247
0.748196
0.168951
0.009076
0.394688
0.347167
0.273502
0.012144
2.128677
0.008175
0.317481
0.179944
0.553356
0.226481
0.180695
0.375504
0.024164
0.388393
0.727100
0.167085
0.203260
0.168422
0.149035
0.295879
0.253241
0.384779
0.307388
0.032322
0.435502
0.236751
0.050490
0.820126
0.072667
0.407565
0.126267
0.389862
0.305348
0.032650
0.271709
0.312028
0.203678
0.824921
0.011540
0.324250
0.030810
0.203721
0.051271
0.592323
0.130079
0.117363
0.061601
0.267950
0.072196
0.293193
0.232705
0.034523
0.050985
0.038716
0.013583
0.348781
0.220701
0.298545
0.262253
0.525561
0.343344
0.851162
0.339676
0.400435
0.243934
0.036726
0.245379
0.085150
0.162188
0.274917
0.054405
0.119340
0.479017
0.591624
0.422149
0.056003
0.137868
0.583438
0.578842
0.324563
0.697753
0.690720
0.469792
0.784202
0.162774
0.634899
0.050990
0.264704
0.294719
0.196836
0.094322
0.308546
0.211140
0.251657
0.421281
0.208800
0.197503
0.419526
0.615419
0.422839
0.555621
0.370569
1.208119
0.086074
0.044813
0.055212
0.358428
0.029633
0.017610
0.713662
0.246984
0.017017
0.206798
0.187238
0.007345
0.203415
0.099950
0.393467
0.195452
0.553514
0.111620
0.299088
0.575201
0.866385
0.080435
1.505729
0.021454
1.027525
0.380124
0.102405
0.475469
0.032033
0.433710
0.044146
0.132923
0.052072
0.406876
1.115528
0.033197
1.778069
0.065714
0.080542
0.301483
0.012635
0.121211
0.626646
0.142145
0.136243
0.283109
0.367780
0.423973
0.189195
0.344325
0.121183
0.453158
0.005791
0.214171
0.041387
