0.144291
1.880156
1.442969
0.294464
0.684059
0.596912
1.054384
1.554587
0.098561
0.028757
1.806458
0.566985
1.436662
0.002108
0.589485
1.278481
0.259759
2.905356
2.316963
0.031068
0.025775
0.779604
2.799330
0.479980
0.244111
0.548383
0.029471
0.250633
0.576053
0.684807
0.265379
0.262491
0.246900
0.615452
0.342183
0.021724
1.817557
0.812954
1.028045
0.205680
4.898657
1.965731
0.128845
0.404508
1.278281
1.241992
2.755780
0.548367
1.772167
1.109589
0.361499
0.885715
2.141138
1.872085
0.703771
0.889168
0.035136
0.278049
1.596543
0.534971
0.189960
0.795842
1.214160
1.122349
0.469529
0.577966
0.710144
1.507074
0.735926
0.499647
0.672744
0.030021
0.044461
1.215310
4.085646
0.899394
0.500215
0.186750
0.697634
4.021650
1.471953
0.775698
1.968185
0.264195
0.721077
3.046339
0.862264
0.614580
0.313724
0.794065
3.149263
0.005725
1.530882
1.717502
2.173133
1.349012
1.656215
0.731219
0.824071
0.555284
0.057760
2.040299
0.843969
0.222943
0.702633
0.663443
0.441284
0.424767
0.773227
0.976809
0.947917
0.612760
0.028374
0.260852
0.195056
0.878178
1.973345
1.601663
1.595030
1.695199
0.294766
1.843547
1.118142
0.086903
0.016831
0.014667
1.408895
0.287095
0.115959
0.980302
0.422239
0.072050
0.173908
0.749464
0.184097
0.318711
1.243372
0.606422
0.388611
0.642019
0.023918
0.488668
0.546312
0.208303
0.115143
2.300772
0.713587
0.234572
0.930513
1.698486
0.021038
0.018026
0.158365
1.268815
0.174624
1.219444
1.133750
0.786803
0.249231
3.712947
1.598552
0.726910
0.252567
1.045564
0.502358
0.857659
0.387496
0.996817
0.060584
0.354685
3.439002
2.083725
0.365841
1.955557
0.371591
2.801621
1.361961
0.538149
0.290831
0.008516
2.109636
0.038654
1.711549
3.275476
0.844623
0.188159
2.023296
3.641051
1.217474
0.711054
0.474765
0.426072
0.230372
1.121327
0.567308
0.215819
0.110288
1.096487
0.351080
0.692747
0.393555
2.052772
2.299373
0.018259
0.224210
0.397111
4.346638
1.526478
0.414146
0.239565
1.122255
1.818315
2.691008
0.421366
2.140408
1.161904
0.662615
4.234174
0.267410
1.292677
0.088482
0.185961
2.418982
0.239487
1.423441
0.916813
1.839683
0.459037
0.415948
0.344203
2.020568
0.926297
3.085820
2.182716
0.145426
0.801112
0.110122
0.039924
0.076010
2.011173
1.551718
1.763207
0.416876
0.954995
1.522818
0.474879
0.845789
0.253234
0.085278
0.310233
2.214282
0.831138
2.591164
0.612064
0.324599
1.546532
1.758914
0.012459
1.109911
0.096162
0.122283
2.163346
0.040847
0.273955
4.436145
0.546476
0.122799
0.183182
0.276307
1.362603
0.108515
2.416475
0.475261
3.515398
2.399346
0.348173
0.292239
0.648193
0.105504
1.055697
0.040426
0.010562
4.050345
0.350338
0.907754
0.597554
0.375830
0.065034
2.446363
3.500353
3.499798
0.118066
0.242318
0.961829
3.909670
0.782882
1.165361
1.084220
0.299871
0.780018
0.367189
0.282869
0.084871
0.329597
4.096951
0.594030
1.055583
1.031326
2.825728
0.495081
0.366414
0.396369
0.380873
1.878199
2.239613
0.360696
0.406966
0.785757
0.865088
0.906248
0.281167
0.020584
0.279396
0.075077
0.801189
0.073557
0.078102
1.008905
0.343648
1.571106
0.679759
1.985215
0.167448
0.696010
1.584665
0.080242
2.980409
0.190243
1.497043
4.192787
1.723448
0.385345
0.113032
0.722284
2.517723
0.347417
2.242043
0.152779
2.413312
0.032275
0.379898
2.333955
1.628908
2.376811
1.837082
1.371149
1.169878
0.196203
0.566758
0.171853
1.254650
1.101954
0.291137
0.066582
3.307321
1.651577
0.796887
0.779528
1.905775
0.603873
0.503702
0.413501
0.298364
0.024711
1.039699
0.539026
0.845375
0.064348
0.438417
0.148830
0.133679
0.299907
1.765708
0.507161
0.512631
0.947897
0.265959
0.007505
0.752264
0.694948
1.046512
0.576818
1.159998
1.314614
0.272301
0.683340
0.651673
0.254972
0.531447
0.821907
2.374506
2.497464
0.321895
1.039632
0.049398
0.074240
0.716808
2.099025
0.173720
1.452553
2.145663
0.373679
1.179465
1.890417
0.464601
1.208258
1.333391
0.902826
1.939868
2.269193
3.220848
0.846841
0.193920
0.288476
0.245413
0.842848
1.417786
0.053541
1.144561
1.262850
0.427682
0.723721
0.180082
1.308949
0.041560
3.975019
1.649967
0.990068
0.311328
2.440272
3.204944
0.149807
1.495026
1.844723
1.077979
1.205333
0.588893
2.581080
3.547641
0.481839
1.623088
0.567258
0.180029
0.393735
0.135053
2.395630
3.204580
0.126910
0.917990
0.524627
0.125665
0.350232
0.285307
1.384603
0.004017
0.210522
0.577630
0.021259
0.987590
0.930459
1.803826
0.231435
0.335167
0.781627
0.319139
0.881257
0.288859
1.150518
1.565855
1.653675
3.635002
0.788287
0.674933
1.935845
1.465629
0.845237
0.483302
0.334141
0.114445
1.647914
0.125644
1.375415
0.788089
3.350846
1.431566
3.631357
0.146870
0.693890
0.849984
0.372879
0.699231
0.441329
0.751611
0.000845
0.583960
0.597023
0.363555
0.509831
1.528260
1.150157
0.677863
1.043182
0.474105
0.228048
0.003883
0.325206
0.911712
2.134218
1.768558
0.715311
4.344203
0.619118
1.799349
0.525881
1.365044
4.389389
0.364328
0.186707
0.967673
0.757059
0.445384
0.003525
0.492925
0.554899
0.519618
1.975048
0.878099
1.323623
2.281892
1.381400
0.678657
1.369509
1.022639
1.046244
0.993375
0.522559
0.992260
1.004391
2.766495
1.525435
1.872545
1.458864
1.689162
0.930041
0.429937
0.307318
1.231070
2.071014
0.785804
0.164957
1.789613
0.662702
0.629426
0.046450
0.713923
1.365503
0.549216
0.438780
1.069569
0.019939
0.707578
2.921128
1.172628
0.514037
1.167667
0.928854
0.234317
0.232826
2.171779
0.313437
0.077837
1.775951
0.740653
0.459195
0.716455
1.334559
0.184588
1.058624
1.249797
1.687418
0.314383
0.940753
0.264114
0.823358
0.189181
1.559542
2.015287
0.399946
0.251438
3.318376
1.226526
1.856571
0.031010
2.296537
0.974058
0.380571
0.565221
1.433776
1.539035
0.210599
0.983196
0.181078
3.613766
0.586226
2.443515
1.302865
0.932064
0.303790
0.747798
0.149219
0.148614
1.257900
0.447991
1.391815
0.275087
1.266409
1.267541
0.364557
0.112481
0.505851
0.677986
0.105332
0.206731
0.056933
0.910094
2.197110
0.244058
0.035330
1.217138
1.686916
3.327619
0.949793
0.419224
1.819348
0.125639
1.179726
0.100075
0.510335
0.683242
0.474645
0.184641
0.263598
1.715632
0.620968
0.867340
0.238139
1.255038
0.400653
0.900463
2.402262
5.183812
0.047320
1.596733
1.949030
0.385037
0.483126
0.868105
2.511336
0.510707
2.120515
1.421136
0.165197
2.449693
0.015297
0.156862
1.093061
0.058816
0.477213
0.139238
0.621551
1.832459
2.365358
0.036114
0.062782
1.836489
0.043758
0.319641
0.124925
0.095452
0.028012
1.014767
1.364980
1.160822
1.868356
1.087720
0.493808
0.997129
3.493142
1.026115
0.278513
0.062071
2.735925
0.892807
0.430190
0.929763
0.821566
0.738504
0.062732
0.435761
0.532134
0.222354
2.121141
0.551856
1.085851
1.250179
1.359781
1.276957
1.395168
0.289792
3.746664
0.163708
2.508962
1.928052
1.911654
0.054257
0.095650
1.676945
0.633307
0.462437
4.179084
0.040945
0.758145
0.585818
0.137199
0.502838
1.229795
2.139749
0.024928
0.743408
0.094725
1.611407
0.089690
0.034792
0.484892
1.319033
0.375722
0.139268
1.582661
1.644647
1.936969
0.362039
0.553090
0.281554
0.814586
0.400638
0.413492
1.530726
3.130319
0.877407
0.110583
1.057206
0.595316
4.425398
1.270759
1.800514
1.208270
0.767050
2.271265
1.781515
0.344360
0.170826
0.462594
0.736217
0.102454
0.423699
0.855444
0.044553
1.687122
1.053019
0.376368
0.354279
0.434816
0.393470
1.380367
0.695263
0.746819
0.161057
2.458280
0.393892
0.396849
0.071331
3.883027
0.653346
2.440523
2.625787
3.498330
1.690807
2.596194
2.554763
1.616300
0.144542
0.741732
0.857088
4.892523
1.532239
1.213741
1.372980
0.448755
2.852733
1.031424
0.515126
0.624688
3.899844
0.759561
0.183680
0.160585
1.162326
0.827309
2.373075
0.204077
0.529514
1.301807
0.051404
0.104497
0.789015
0.308877
0.113099
0.303402
1.000056
0.747345
0.081749
0.075598
1.901309
1.030689
0.190395
1.979300
0.022092
0.459032
1.881442
1.238835
0.333729
2.218993
0.911497
2.006141
2.232997
0.554158
1.125779
0.786308
2.895620
1.600284
1.293965
1.682183
6.297964
0.296469
0.224850
1.373508
1.471123
0.722131
0.667627
0.517084
2.142994
1.590773
0.878508
0.040946
1.904760
0.613327
0.210425
0.355753
1.175497
0.005522
0.127884
0.360473
2.182062
1.373814
3.533303
0.783135
0.848558
0.801572
0.745762
0.780975
1.706872
3.065484
0.524757
0.994158
0.367822
0.359408
0.705862
0.882536
0.798495
3.754152
0.177897
1.012428
5.208661
1.332319
0.834500
0.459441
0.514397
2.757079
2.256947
1.107682
2.290142
2.592452
1.873036
0.483561
0.624302
1.589182
0.466224
1.383753
0.656662
0.410289
0.609079
0.123875
0.437725
0.536476
0.018331
0.188831
0.301420
1.951112
0.890567
0.338477
6.086521
0.298299
0.721111
1.345228
1.175452
0.568283
1.500573
0.665132
1.256899
0.676047
3.557665
1.259415
0.095825
0.138653
3.396652
0.260363
0.026484
0.291990
0.653517
3.040072
0.509377
1.285565
1.797954
0.093390
0.946472
5.468953
0.797610
0.764613
0.425723
2.920725
3.493288
0.108889
0.804825
0.544088
1.113663
0.126297
0.308340
0.326774
0.653375
1.576404
1.950855
1.543761
1.129505
0.091231
0.493833
1.104736
0.348491
0.708908
2.354704
0.123476
1.923304
0.111859
0.488354
2.357986
0.224645
0.735518
0.538889
2.188786
4.836434
0.340510
0.678212
2.253844
0.787009
0.241594
1.425710
0.411115
0.665482
0.008599
4.506868
1.070848
2.601164
3.463667
0.311338
0.777695
0.580267
1.426513
1.847604
0.259497
0.320983
1.225066
0.530421
0.139494
0.217299
0.822913
0.912534
3.220667
0.760955
0.938999
0.161172
0.534098
0.328214
1.188831
0.310688
0.241308
0.458367
0.635915
0.413087
0.930725
0.199920
2.119516
1.184730
0.765209
0.059922
0.394535
1.171529
1.035819
1.671070
2.221084
0.378871
0.680687
0.400540
0.136877
0.150959
0.296345
0.092147
0.773979
1.213762
0.827988
1.154442
0.256504
0.222399
0.838346
2.156630
0.548639
0.004246
0.020255
0.364282
0.955484
0.088356
0.254261
1.141595
4.199168
0.417142
0.919142
0.730703
0.023396
0.400230
0.150173
0.288778
1.469593
1.143199
0.041888
0.080533
1.290727
0.108933
0.381290
0.313804
0.051048
0.031666
0.149701
0.509705
2.713652
1.017156
0.277152
1.138323
0.319700
0.724097
0.388354
2.969498
0.434424
1.627413
1.024971
1.853585
0.931811
2.043187
0.519468
1.136323
0.969262
0.750212
0.831123
0.767358
0.500497
2.285919
1.001656
0.796561
0.055448
0.710351
0.192550
0.242101
0.570244
0.789563
0.288232
0.315992
0.755334
0.640999
0.516320
0.109540
0.467571
1.062535
0.785699
0.786915
1.856734
1.284327
1.153879
0.030886
0.368354
1.147001
0.169334
2.447299
0.153066
2.112969
0.243689
1.842567
1.885387
0.408667
2.194559
0.174077
1.891201
0.480837
0.579314
0.125404
0.918807
0.314376
1.099250
1.606382
0.925543
0.008218
3.043563
2.521751
1.029838
0.477240
0.825340
2.143976
0.615314
1.510581
0.912694
0.548665
2.710953
0.524977
0.930844
0.054746
0.636321
0.038132
1.217845
0.000590
0.042976
0.117799
0.150329
0.709436
0.440504
0.315949
4.111914
2.396895
1.063812
1.619928
1.713180
0.281267
1.651751
0.274189
0.826351
0.442726
0.172758
1.499931
2.481014
0.376438
2.118287
0.425040
1.071645
5.470196
1.478720
0.057277
0.570704
0.472091
0.348043
1.693556
0.581642
1.201444
1.007669
0.731879
0.057662
1.117903
2.219928
0.188983
1.029304
0.668336
0.417008
1.239347
3.696870
0.021903
2.275999
0.483273
1.794854
0.192022
1.260866
0.105023
0.408886
3.503519
1.068904
1.534905
0.618607
0.637083
0.678505
1.483490
1.284640
0.215384
0.580898
0.780938
0.847298
2.614163
1.831003
0.162379
0.471798
0.115380
0.026574
0.077514
0.202074
1.452764
1.100278
1.598849
0.340385
0.169024
3.579138
1.748843
2.933360
0.018966
0.505088
1.004571
1.332089
2.437839
0.771610
0.495596
0.005338
1.628943
4.026196
2.377809
1.085504
0.419273
0.273319
1.491742
2.739996
3.227062
0.193108
0.880327
0.719734
0.557612
1.581826
2.745478
1.289621
1.204993
1.173167
1.060036
0.769497
0.284907
1.511753
0.126804
1.032510
0.489370
0.820895
1.025649
0.651858
3.821000
0.273376
0.012243
3.106842
0.373978
0.325831
0.537100
0.903786
4.276915
1.229375
0.383195
0.765048
0.595450
0.696326
0.540612
0.183464
0.503327
0.492804
0.224043
1.697825
0.446273
0.164269
0.836727
1.863320
1.516681
0.972968
1.313185
0.409646
0.153981
0.294384
0.429789
0.327302
0.630663
0.161381
0.139563
0.291321
0.218783
1.617977
0.771232
0.221160
0.560746
2.055066
0.861831
0.807244
0.496459
0.217954
0.981910
0.080288
1.542667
0.059246
1.371789
0.482285
1.146999
0.894053
0.138315
0.773278
0.077062
0.276041
0.480731
0.336412
1.083998
4.330170
0.441395
1.823852
0.255020
1.235570
0.427282
0.766500
0.092755
1.756507
0.234249
0.622601
0.342907
1.661800
0.897947
0.954992
1.405471
0.294232
0.060013
1.763495
0.379220
1.672757
3.138204
0.992069
0.109025
1.924061
1.003561
0.282229
0.233032
0.708710
0.129614
2.364674
1.230530
1.710818
0.484217
2.566437
0.143818
1.259662
0.293840
0.003638
0.128847
0.225075
1.441153
0.474896
0.657839
0.950835
0.311511
1.017310
1.113437
2.542991
0.698897
1.932997
3.434291
1.464885
0.546784
0.317426
0.102844
1.778015
0.138802
0.819874
0.605009
0.045883
0.241228
1.731021
0.773619
2.582228
2.385684
0.098746
1.133567
0.043595
0.549335
0.582993
3.143600
0.904652
0.210722
0.712834
0.737787
0.219493
0.445867
2.099600
3.988414
1.499984
0.066676
2.363149
0.613337
1.796105
0.194532
0.159799
2.371531
0.336205
0.044010
0.695246
4.663696
1.804833
0.504677
4.972388
1.592926
1.845577
1.038761
0.501505
2.361377
0.636066
2.727878
0.803389
2.406363
0.648473
0.556557
0.888389
0.381715
0.161810
0.889971
1.903560
0.325420
2.002639
1.547069
1.494663
0.536366
6.689839
1.564839
0.857194
0.120485
0.852883
0.014486
2.324920
0.410524
0.459412
0.800472
1.014632
0.874015
0.663443
1.006093
1.878248
0.590969
0.693306
1.662559
0.003412
0.175200
0.393087
0.240719
2.263460
0.160423
0.114162
0.381555
0.710580
1.723059
5.437829
1.909663
0.938632
0.038327
0.065568
0.996244
1.714145
0.308582
3.480858
0.799369
0.852779
0.963964
0.077869
0.186797
2.751881
0.311012
0.086967
0.331883
1.295161
0.304908
0.236459
0.324525
0.654738
1.337691
0.358567
2.067589
3.724814
1.726064
0.078097
0.379006
2.600800
1.961725
0.143008
0.583798
0.452466
1.376224
0.029130
0.379033
1.385413
2.179219
0.041475
0.887590
1.089480
2.062914
0.552654
3.613760
0.219931
0.121899
0.139314
0.883639
0.130611
0.310060
0.218531
0.056881
3.280306
0.407856
3.324674
1.284583
0.248166
2.696319
0.009396
3.998388
0.032796
0.292110
0.802867
0.009220
1.446944
0.088453
1.698741
0.035735
0.751110
0.235010
0.340751
0.674295
0.464225
0.497548
1.059672
0.217213
0.200283
1.153261
0.352346
2.702394
0.555544
0.642494
0.023443
0.020872
0.110672
0.982506
1.092263
3.040679
0.566461
1.229874
0.420988
0.076948
0.545047
1.209402
1.630783
3.036212
1.784821
0.829229
0.799321
0.695340
0.649334
1.140972
0.857329
1.946043
0.597972
0.637098
1.784263
1.125890
0.743285
0.828844
1.638373
0.934918
0.299958
0.371416
0.927870
0.046932
0.611708
2.224762
0.264153
0.587268
1.202323
2.597007
1.191627
0.983046
0.484338
0.575114
1.027074
0.440553
1.536519
0.008224
1.391981
1.354977
0.365918
0.015074
0.412730
0.889614
1.546215
2.043042
0.233905
0.085271
0.127704
4.514261
1.036868
0.137384
1.173655
3.205907
0.935058
0.264711
3.280473
1.205819
0.202097
1.453366
0.701532
0.853417
0.455371
0.347788
0.545480
0.747397
0.618862
2.011900
0.077103
0.221881
2.772672
0.936131
0.961105
0.993577
0.279046
0.501997
0.235910
0.164855
4.557549
1.361852
2.113100
0.001464
1.218988
0.367104
0.688977
1.124704
0.031684
0.463241
0.807202
2.074480
0.719916
0.382115
0.925737
0.876138
0.345719
0.794187
0.323134
0.011357
0.372116
0.090396
0.677060
0.695448
2.041929
1.377956
1.383809
4.570230
0.307447
0.466387
0.262089
0.108127
0.724079
0.716065
0.138946
2.558007
3.839862
0.070751
0.003176
0.063789
1.315763
1.914072
0.068457
0.009003
0.772075
0.404533
0.018916
0.008838
0.237445
0.223281
0.350073
0.799988
0.289523
0.265942
0.236671
2.180377
0.272585
0.810423
0.602637
0.402577
0.522157
0.016120
0.204626
1.022038
1.433333
0.246374
0.194228
2.361196
0.102897
1.584065
2.104160
0.158174
1.789608
0.162586
0.044064
0.337199
0.422087
0.890477
0.584332
1.577247
1.092929
0.126918
0.226108
1.371063
0.123225
3.049880
1.668975
0.248252
0.337028
0.290519
0.549643
0.285870
0.032795
0.290041
0.216663
0.430666
0.605621
2.073954
1.077505
0.955765
1.998998
0.488630
0.555289
0.280369
1.773146
2.098508
2.417199
0.928683
0.120856
0.075013
1.597186
2.166884
0.759862
2.535368
2.670363
1.405482
0.462900
0.609435
0.433686
0.504264
0.637363
0.017258
0.136215
0.183942
0.836591
2.052678
1.242699
0.161925
0.611906
0.986993
0.145247
0.083043
0.946849
0.268440
1.035799
0.188190
1.937284
0.370687
0.559244
0.798433
2.174614
2.481442
1.862992
1.153647
0.071698
0.206765
0.764872
4.208243
1.295162
0.212777
0.440052
3.282477
0.708760
2.042672
1.951894
1.522188
0.986288
1.096146
0.418668
0.128305
2.967355
0.033175
0.315924
0.951648
3.350458
0.235935
0.283650
1.883269
0.396108
0.515763
0.445881
0.050718
2.844247
1.196436
0.006849
0.102193
0.145551
0.460270
2.210207
0.151823
0.258870
0.373158
0.714768
2.313542
0.775350
2.338777
0.780727
0.565852
2.051543
0.869491
0.644313
0.718365
0.439482
0.567575
0.077052
0.229685
1.439680
0.143391
0.233508
0.178641
0.450800
0.050544
0.446802
0.940825
1.133124
2.020017
0.091104
1.032327
0.218547
0.419197
0.855971
1.819870
1.110509
4.219834
0.018111
0.379929
0.654625
0.036877
0.053794
0.456925
0.819070
0.145621
0.070751
0.383953
1.352946
0.837417
5.745958
0.929133
2.210879
0.850711
0.655697
0.537076
0.074175
0.064999
1.074135
1.960222
0.019232
0.198727
0.396704
0.375521
1.796951
0.290887
0.365591
0.668619
3.012009
0.348870
1.004315
0.049820
0.564649
2.620219
0.245140
0.440774
1.061735
0.833655
0.858096
0.937904
1.125120
0.389588
0.433427
0.505848
0.738850
0.837021
2.071199
0.503910
0.596470
1.787694
3.543047
0.278254
1.310928
0.284503
1.351392
0.039289
0.707507
0.843921
1.202612
2.489283
1.585210
0.828006
0.687513
0.013314
0.804449
0.826049
1.355191
0.180800
0.888339
0.052961
1.294261
1.723774
0.575855
1.163746
1.085629
0.361829
0.092384
1.418808
0.441730
0.175993
0.583767
1.789409
3.083176
0.837800
3.501782
0.190464
0.674163
0.008412
0.266529
2.092003
0.061231
1.062561
0.712414
4.388206
5.050880
0.131637
0.303911
4.758167
0.400394
0.199035
2.427839
0.960300
0.368397
0.808304
0.557580
0.612461
0.803239
0.186062
0.956081
3.104849
0.896586
1.548812
0.332032
0.167940
0.006459
3.980242
0.126768
0.478060
1.063409
1.326515
0.962682
0.579038
1.687042
0.584041
1.803652
0.055539
1.280172
0.102363
0.490305
0.585886
0.200877
0.595927
1.916605
0.037087
0.215570
3.713808
0.597776
0.493863
2.437797
1.495543
0.190583
0.911020
0.198945
1.494862
0.812906
1.602412
0.067131
2.631176
0.261119
1.895664
0.582675
2.196878
0.107186
0.055294
0.631654
2.665973
0.626075
0.708204
0.179356
0.778776
0.557232
2.188489
1.350739
0.649633
0.161290
0.157771
3.549057
0.944217
0.254857
1.665888
0.243501
0.605126
2.097004
0.109148
0.108645
0.054016
0.164525
0.469255
0.388085
0.328674
0.014264
0.667709
0.589454
1.350149
0.361108
0.870330
0.375634
1.398345
0.191337
0.672072
0.590190
0.613853
0.772436
0.768168
0.380306
1.737884
3.025912
0.818728
1.009218
1.286068
0.385380
0.897200
0.620996
0.662487
0.501104
0.768429
0.246073
0.275784
0.223344
0.902605
0.281474
1.516994
2.357051
1.425979
0.397916
2.858331
0.422026
0.448736
0.904557
1.080803
0.525666
1.544896
1.920903
0.340531
0.254379
0.506568
1.199344
1.108125
0.193133
0.492164
2.321350
3.216503
0.926910
1.514663
1.831354
0.251277
0.068152
0.945098
0.485632
1.240473
0.347685
0.569095
1.651777
0.097886
0.523982
0.166340
0.762742
1.319648
4.357316
1.400262
0.155778
0.574487
0.781299
1.015451
1.206785
3.623356
2.850894
0.233902
0.172431
3.507619
0.174974
3.449100
0.127648
0.879357
0.139127
0.143638
0.406216
1.578640
1.211548
0.381661
0.147443
0.444144
0.191343
0.267904
0.687066
0.670844
2.558926
0.094046
0.761193
0.831974
0.154049
0.447092
0.148350
2.240949
0.428542
0.067050
0.644691
0.752976
2.182354
1.269707
0.230845
2.389803
0.005071
1.194662
0.043072
1.713051
0.209978
1.595953
1.678890
1.476146
0.116702
0.511295
0.110705
1.268084
5.126323
0.739671
1.055451
1.099784
0.153987
0.464358
0.429087
1.388789
0.529985
0.458940
0.796284
0.230598
0.067521
0.271811
0.021068
1.107033
0.610206
0.958806
0.838758
0.055715
1.687809
1.708554
0.007615
0.562444
1.540491
0.536906
1.964592
1.188112
1.080664
2.361982
1.509399
0.879396
0.048457
0.606003
1.167122
0.740577
0.878842
0.429787
1.840058
0.281618
1.020372
0.574038
0.161036
0.019261
0.139170
0.339980
0.639350
0.027130
0.069497
1.591649
3.923816
0.563889
0.634479
0.923050
0.101887
0.773672
1.120913
2.887282
1.030486
0.787242
0.527839
2.428400
0.740972
0.649304
1.323413
0.576013
0.069621
0.896077
2.010021
0.460946
0.101120
0.111728
2.368002
0.117759
1.061899
0.091575
0.718197
2.421288
0.267189
0.367264
0.945101
0.852084
0.822077
0.497639
0.041754
0.904448
0.324023
0.968700
0.576051
0.312820
5.470055
0.388073
3.542109
0.649532
0.763603
0.313181
0.190933
1.224673
0.607968
0.879883
0.201619
0.713281
1.074953
1.426108
1.098254
0.534075
1.155966
0.908500
0.648947
0.995066
0.365805
0.065251
0.159976
3.601590
2.232209
1.754660
0.299988
1.825435
1.558550
0.779164
0.360950
0.112980
6.113729
6.704323
1.903210
0.590146
1.308004
2.413460
0.780860
0.133678
3.740980
0.771614
1.468054
0.974216
0.066967
0.619836
0.012047
0.309110
3.258029
1.175906
0.834001
0.118833
1.155946
0.929997
1.014628
1.165825
2.629646
0.593055
0.944182
0.754514
0.889220
1.137384
0.208211
0.057148
0.123673
0.043649
0.809892
0.364000
1.535475
0.176617
0.162734
2.006985
0.093949
0.435230
1.171344
0.827166
0.310364
0.144675
0.862142
0.285179
1.938572
0.307685
2.704517
0.022001
0.943967
0.331760
0.643619
0.573618
1.656017
0.204889
1.460158
0.034640
1.012634
1.735417
0.561083
1.890984
0.438168
0.438468
2.417300
4.645726
1.556779
0.260662
2.853575
0.454975
2.022409
0.388430
0.245441
0.298012
1.174197
3.890257
0.735956
0.113389
1.154288
2.288252
1.521059
0.001839
0.374237
1.498463
1.208466
5.541879
2.284601
1.600588
1.169729
0.478922
0.035632
1.461728
0.610759
2.002483
0.141309
1.946000
1.036860
2.172672
1.208244
0.572975
0.725714
0.103537
0.277713
0.855530
0.195749
0.443927
1.030520
0.903244
2.242670
0.567756
0.806639
0.547911
1.405982
0.982648
2.906802
0.152545
0.136053
0.345988
0.957777
1.017571
0.225104
0.316652
0.904918
0.307041
1.771305
0.112715
1.526105
0.166090
1.252468
1.523729
2.872112
2.323561
0.024791
1.081870
2.412609
1.470889
0.605467
1.387389
0.334202
1.624977
0.521450
3.537187
0.028287
0.873980
0.139200
1.453027
3.523441
0.677202
1.840918
0.265287
0.028547
1.625741
0.528555
0.087785
1.117048
2.313762
0.087507
0.943641
0.427116
0.043370
0.076040
0.046406
0.366298
0.368000
0.771005
0.969532
1.900031
1.939547
0.187694
0.987918
2.092801
0.287560
0.923842
4.446051
1.006183
1.209040
0.372206
4.895152
1.780532
0.389730
0.359245
0.004810
0.656144
2.066813
1.536716
0.159644
0.276647
0.175825
0.300613
0.226369
0.180314
0.805599
2.456292
1.928322
0.971089
0.380082
2.389741
0.237021
0.039449
0.243353
1.560953
1.206251
0.372225
0.248226
1.014059
0.716453
1.580347
0.590308
0.087109
0.073059
0.262538
0.741453
1.254370
0.812217
0.009822
3.056739
0.612786
0.777276
0.213452
0.278906
0.241026
0.932557
2.393361
0.306684
0.429942
0.338962
0.029516
0.010558
1.518564
3.795136
0.043314
0.080031
0.601762
0.362733
0.283203
2.038451
0.214515
0.216512
2.364817
0.975991
1.158497
1.103709
0.026127
3.814052
0.029186
0.258003
0.644771
1.817795
2.984820
0.008880
0.148950
0.016106
0.147484
2.450556
0.088509
0.774709
0.216717
0.007944
0.328103
0.299673
0.782613
2.069634
0.755215
0.762020
0.327040
0.198383
0.652561
0.500833
2.319909
0.233537
0.025969
0.053054
0.381488
0.247006
0.505668
2.122463
1.302575
0.899907
1.783438
2.112566
0.067141
1.168411
0.140537
0.528924
0.493660
0.316902
0.045396
0.216046
1.225420
3.154118
2.403175
0.023144
0.842969
0.211604
0.735787
0.762666
0.177197
0.092039
0.654738
0.054050
1.839210
2.195298
0.014968
1.613769
1.824449
0.040556
0.884691
0.644131
0.192637
1.708142
0.835412
1.673134
2.735172
3.502547
1.086546
2.062523
0.065550
0.412337
0.644051
0.717874
0.458187
1.698198
0.873051
1.874867
0.585321
2.843373
0.439838
4.991473
0.835456
0.473573
0.969239
0.112337
1.161165
0.915890
1.635735
0.078713
0.543840
0.882467
0.062759
1.438087
2.306717
0.982681
1.444607
2.890040
0.606343
0.717241
2.190961
1.129375
0.323922
0.890166
1.458416
1.859058
0.139026
0.182856
1.163030
1.258712
1.307640
0.671906
0.484077
3.229461
0.294023
0.337945
0.025116
0.088243
0.981539
1.086803
0.247064
1.347412
0.186856
0.465169
1.012649
1.502077
0.602993
1.652128
0.638756
1.090378
1.792808
0.827120
0.826738
2.701897
0.034619
0.018920
0.037076
0.372419
0.771354
0.962027
1.143777
0.017186
2.070555
0.271196
3.424193
0.424392
1.862921
1.247109
0.023180
0.717569
0.500391
5.018375
0.263936
0.502551
0.191442
0.004699
0.773050
0.967796
0.177403
1.817240
0.251175
2.770294
1.119024
3.549467
0.576047
1.822570
0.929442
1.255159
0.528529
0.716175
0.317274
0.410979
2.597601
0.081535
1.784771
1.386194
0.176739
0.563115
1.803610
0.710941
0.708882
0.700736
0.188646
4.679427
1.379688
0.336273
0.426664
1.229746
2.041125
0.801843
0.337370
0.444466
0.786810
2.174514
1.217144
0.255594
0.020264
1.071315
0.305577
2.092600
0.174892
5.598904
1.613258
0.290838
0.015835
1.718884
0.117113
0.164950
0.485096
0.189442
0.099613
0.796745
1.063572
1.538599
0.059642
0.052656
0.639314
1.353636
0.233024
0.905088
0.117132
2.289206
2.067838
2.754427
0.492779
0.086230
1.701193
0.582297
0.430003
0.557543
1.235058
1.302202
0.572402
0.309975
0.163524
0.054292
3.275905
3.419721
0.069647
0.898967
3.617335
0.857773
3.528994
0.157016
1.270611
1.840627
0.121703
0.228579
2.931176
0.265458
0.958480
2.427706
1.242418
1.483042
0.355315
1.894103
0.148851
0.510751
0.671696
1.217120
0.034682
0.078177
0.459060
0.169190
2.404251
0.586383
0.889756
0.555372
1.960873
2.598117
2.305967
0.084610
0.943910
1.500410
2.495411
0.812285
0.634725
0.193789
0.008195
0.024373
0.326525
1.274053
0.514595
0.780600
0.316544
3.623059
2.530119
0.306551
0.484994
0.111363
0.503009
0.276296
1.296913
0.374996
1.158002
0.026909
1.226798
1.014260
0.343069
1.474220
1.996467
2.362124
1.185754
0.578243
0.879027
1.435635
0.379444
2.148734
1.544932
1.185274
1.422969
0.052548
1.676636
0.591727
1.159864
1.051854
0.550842
1.330877
1.949925
5.192194
0.017662
2.464082
1.491946
0.905472
1.436537
0.428077
0.518358
0.041454
2.636712
1.646692
0.726553
0.948314
1.736673
0.181749
0.844599
1.283995
0.874127
3.760508
0.296138
1.137401
1.510014
0.495601
2.817674
0.531069
0.158364
0.186799
0.499427
4.339263
2.464119
2.298634
1.088189
0.699830
1.028174
0.929309
3.095070
0.499107
0.497295
1.306465
1.628515
1.344483
0.173862
1.003967
0.313116
0.320438
0.294973
0.008859
0.127371
1.114149
1.589237
0.113018
2.931778
0.627037
1.525364
0.042412
0.083308
1.684944
0.101497
0.038163
1.071666
0.044810
0.536044
1.688166
0.121089
1.849126
2.409295
3.691308
0.952292
1.722270
0.173439
0.853604
2.082580
2.006406
0.188254
1.764440
0.507582
0.718419
1.595787
1.103384
0.394491
1.937700
2.670337
1.653119
0.051079
0.015290
0.856811
0.104723
0.091153
2.049574
0.048743
0.330130
0.363834
2.696252
2.932363
1.535165
0.613660
0.124695
3.318902
0.252920
1.024886
1.507248
0.712752
2.167211
2.795482
0.455764
1.235802
0.099161
0.563731
1.115271
0.321286
0.467175
1.424898
0.237033
2.555326
0.151834
0.252278
0.952941
0.261457
1.832321
0.444458
0.136099
1.105747
0.557634
0.977916
0.118712
0.054474
0.350032
0.723927
0.221982
0.233462
1.808857
0.277129
0.426206
2.050239
6.166019
1.479465
0.151439
1.446865
0.094784
1.607032
0.322979
0.247496
0.555362
0.153392
1.099218
1.732336
1.097698
1.596655
0.175864
0.318201
1.816450
0.395306
1.374130
0.836747
0.161735
0.250170
2.567564
2.322073
0.906244
0.016074
0.016921
2.776410
1.602739
1.196897
0.300518
2.393429
0.075871
1.164852
1.165371
0.462536
1.675107
0.210176
3.276040
2.701512
0.414085
0.400149
1.584214
0.420159
0.888031
1.174785
2.904823
1.402367
0.322769
0.435812
0.078002
1.631289
1.862359
0.252361
0.638684
0.424852
0.332423
0.029699
0.903164
3.005498
0.187595
1.403209
1.482892
0.766721
1.884230
0.550441
0.970703
0.070443
0.165724
0.884385
1.846564
0.642733
2.711951
0.680730
0.527869
1.530721
2.533833
2.312527
1.077374
0.242007
0.369327
0.815341
0.036855
0.354959
1.551006
0.289148
1.044674
0.362227
0.143141
0.405651
0.387388
0.325582
0.371923
2.508411
0.855086
0.687596
0.306768
0.342183
1.606033
0.406495
0.161388
0.489822
1.118874
2.825759
1.789596
0.682967
0.184516
2.172170
0.040372
0.874281
3.558827
0.381220
0.740036
0.364529
0.537038
0.115198
0.961279
1.208700
0.138372
0.010463
0.276324
0.437454
0.570136
1.246072
0.734635
0.033220
0.019210
0.586225
0.184489
1.651323
1.370319
1.630429
0.959342
0.235031
1.570737
0.341498
0.180272
0.039670
0.494919
3.100691
1.152566
1.078766
0.478032
0.572972
2.403678
6.838254
0.405893
0.886425
0.667333
0.227111
0.716128
0.093136
1.590428
0.518573
1.062211
1.515397
0.268465
2.950401
4.338567
0.664216
0.074966
1.020286
1.134796
0.246117
1.504884
0.331167
0.301200
0.089159
0.964897
1.410586
1.185162
0.364527
0.352827
0.055428
0.193031
0.293594
0.234203
0.043059
0.509576
0.009984
0.699721
0.002737
0.480726
0.101821
0.176674
1.193415
0.075395
1.516075
1.140774
1.023925
0.756676
1.280762
0.248863
0.521116
0.018028
0.004238
0.537334
0.959410
3.366311
1.825767
0.054859
2.493515
0.503849
0.535118
0.173377
0.096044
0.601360
0.786159
1.911736
1.092438
0.212956
0.905922
1.719179
0.284231
0.345962
0.298108
3.580759
0.159143
1.000898
0.448906
1.290382
0.693707
0.247072
1.963858
0.770242
0.022206
0.246654
0.184795
0.388710
0.177696
1.036317
0.937750
0.490833
0.297753
1.008457
0.470831
1.460921
1.994747
1.271503
2.798920
0.358616
1.904714
0.520370
1.951371
0.960809
0.337697
0.328880
1.945013
0.660311
0.165653
0.867724
0.152566
0.063133
0.301393
1.491778
0.233419
1.991237
0.041094
0.411133
0.004285
1.164642
0.954896
1.534352
1.690665
2.383582
0.551020
0.456700
0.937931
0.665443
0.215147
0.566611
0.496889
2.197352
0.084359
1.297641
1.224159
2.453026
0.840336
1.221843
0.131364
2.068578
0.053334
0.936580
0.119555
0.260315
1.163407
0.483953
1.158782
0.248593
0.100754
0.425978
0.704699
1.659607
2.012774
0.475471
2.858996
0.828390
0.203624
0.700463
1.139027
1.439650
0.127266
3.594645
0.814179
0.004916
0.336120
1.784940
0.055954
0.373687
1.134527
0.136313
1.265624
0.890202
0.312564
1.662627
0.075750
0.214850
1.445618
0.921380
0.244103
0.498534
1.885843
0.190093
0.066613
0.690167
0.228044
1.147415
0.280409
0.209839
0.951375
3.209121
0.794785
3.388037
4.778397
1.392610
0.853499
0.465486
0.082152
0.751366
0.197586
0.836892
0.568358
0.813767
0.857324
0.821039
2.624638
0.807223
0.125034
2.157645
1.353147
0.458430
0.586554
0.826086
0.497182
1.107618
6.270657
0.053748
2.495257
4.609571
1.987630
0.622441
1.088417
0.628597
0.467151
0.169880
0.224370
0.648627
0.331520
0.233262
0.939128
0.332222
1.785639
0.092194
0.257443
0.552371
0.241049
1.813949
0.677662
0.063664
0.228165
1.199428
0.369593
0.355814
0.236681
0.012566
1.420030
0.393909
0.279705
0.111219
0.703983
1.342360
2.938918
2.697751
0.017397
0.685121
0.664151
0.796805
0.556023
2.625137
0.901232
0.572582
3.290282
0.729577
0.008153
0.986284
3.354932
1.058852
0.222809
1.821798
0.036412
1.877753
0.144878
1.840024
0.196597
0.158249
0.289855
0.701128
1.178496
0.718321
0.073604
2.939149
1.823675
0.456692
0.038370
0.526536
3.298985
3.076728
0.184930
0.219519
3.764996
0.413366
1.190869
2.644313
1.747625
1.631336
0.948454
1.648988
0.268179
2.344681
0.239585
0.131549
1.468218
4.757085
1.422996
0.975922
0.093192
0.751454
0.196663
0.778163
0.527225
0.151144
0.785290
1.567636
1.254525
0.151041
2.754142
2.687957
0.444258
3.807170
0.211339
0.511277
1.838600
0.089849
0.501415
0.009857
0.237715
0.440144
1.795893
0.981651
0.099681
1.592205
1.422908
0.366283
0.190301
1.327515
2.773720
0.247501
0.400433
0.404089
3.410247
0.052303
0.018767
0.200833
0.620656
3.377625
0.037427
1.597673
0.745329
2.209264
3.321440
1.265548
0.287556
2.412411
0.011934
4.418305
0.533251
0.314672
2.145675
0.690083
0.487349
0.364200
0.543376
0.285281
0.729694
0.572658
0.306501
0.005845
0.164336
1.519301
1.233077
2.573353
0.161513
2.610563
2.182710
0.430909
3.090058
4.123812
1.868362
0.814000
2.048451
0.167643
0.142426
0.149486
1.186626
3.222461
0.216062
0.147169
2.166271
2.105113
0.136048
0.034000
0.326061
0.318849
0.007444
0.157071
1.802715
0.065883
0.609161
1.260566
1.252046
0.370216
0.143495
0.555274
0.446302
0.594067
0.345841
0.644716
3.664413
0.008011
0.261281
1.891007
0.692101
1.532099
0.082460
4.595338
0.002512
1.542792
0.281635
1.243775
1.633290
1.326116
3.096962
0.251657
1.911433
0.961484
0.202525
0.246144
0.094948
2.328049
0.401042
0.426048
0.130105
1.625007
0.812437
0.229011
1.585860
0.768749
1.573467
1.223682
0.564492
0.440632
2.233239
0.199783
0.107174
1.956916
1.162885
2.600698
0.943286
7.220675
0.564571
0.065511
1.096495
0.289945
0.497666
0.459451
0.395074
0.726965
0.912885
0.073321
2.237153
0.427154
1.336581
0.425547
0.127125
0.399412
0.255243
0.362597
1.103115
1.134841
0.212587
1.221817
0.957206
0.177103
0.867644
0.058635
1.080616
0.308883
0.890091
2.776123
1.225308
0.816904
0.843679
0.284769
0.632097
0.056122
0.678949
3.447940
0.699266
1.363157
2.330140
0.834546
0.139075
4.617204
0.711114
0.558595
0.064706
1.284577
1.876640
0.759472
0.204704
1.225108
0.210146
0.426295
0.272897
0.748455
1.048863
0.817201
0.180579
0.267524
0.248008
0.714223
3.315542
1.066055
1.961961
0.094588
0.025018
0.786585
0.260842
0.404334
1.312959
0.098461
2.107346
0.532088
0.900950
0.043373
0.064154
1.118659
0.038556
1.012478
0.373079
0.356990
3.112784
1.988605
0.366448
0.486045
0.349056
0.127722
3.066296
1.052279
1.253447
0.551621
0.233910
0.996408
0.281870
2.447107
2.899755
3.441025
0.241872
0.351079
1.983216
0.625653
0.817110
1.251353
0.236255
0.621451
0.087221
0.031332
3.453539
1.280400
0.972537
0.229223
0.349934
2.521004
5.098319
1.028737
2.569720
0.502043
1.856528
1.301825
0.250175
2.547177
0.014194
0.312477
0.680202
2.781783
0.433943
0.115906
1.281964
1.108704
0.127727
1.168333
0.491118
0.546624
2.824482
1.785746
3.782311
1.211029
0.488609
0.467690
0.152822
0.070391
0.716926
0.174057
0.872645
0.238421
0.698656
2.283382
0.626108
2.584839
0.358045
0.144746
1.228660
0.568641
1.104578
0.864427
0.572220
0.451445
0.245724
4.748172
0.227299
0.618285
2.229232
1.694419
4.054938
0.976641
0.334833
2.025248
0.068091
2.853293
0.593712
1.145658
2.244910
0.731650
1.717021
1.824232
0.711388
2.421126
0.285358
0.170803
1.231321
1.738264
0.530639
0.030678
0.560881
0.255353
0.074626
0.180611
0.921842
0.477213
1.593185
0.248321
0.925875
0.312444
0.333820
0.162293
1.354930
0.330839
1.110396
1.166346
0.807807
1.085151
1.145377
0.102436
1.480873
0.730576
1.684844
0.117564
0.059238
1.040049
0.367083
4.198201
0.365633
0.599983
0.421815
0.818340
0.239039
3.227945
0.319989
2.519416
4.190272
0.412831
1.697304
2.267476
0.036276
3.533815
0.484027
0.413928
1.626555
0.183229
0.027698
3.447848
0.017790
1.015754
0.841410
0.545338
1.749690
1.694341
0.024604
0.962605
1.955562
0.492836
0.132962
0.853834
0.016620
0.484029
0.691724
0.241797
0.880563
1.758482
0.638747
0.781531
0.209857
0.008415
0.638456
0.288415
0.997762
0.106017
0.602444
0.726365
1.531226
0.053439
2.200227
0.167117
2.504258
1.670195
2.209927
2.596729
0.086402
0.449039
0.897599
0.402304
1.079583
2.042589
0.227548
0.382234
2.049546
0.401074
0.085122
1.374045
0.347038
0.875532
0.068083
0.832497
1.681692
0.587988
0.452680
1.468176
0.744716
0.644288
0.191575
1.135840
1.765984
0.000337
0.368865
1.054449
0.162534
1.955120
0.144309
0.279576
0.611468
0.148537
2.360002
0.706129
0.493601
0.943332
1.375934
0.785783
1.039288
1.144092
0.572974
0.328678
0.133969
1.086826
0.474846
3.065926
0.320683
1.526108
0.580086
0.168577
0.494816
0.987971
1.118903
0.426966
0.256076
0.169749
0.898330
1.138972
2.313220
0.672806
0.401658
1.603074
1.008207
1.291616
0.066634
1.733465
0.499873
1.110707
0.075939
0.000222
0.030511
0.078010
0.091369
1.975188
0.794924
0.063451
6.738326
0.563415
1.145537
1.085683
0.439152
1.746928
3.410555
0.527245
0.437471
0.549470
1.782079
0.697501
0.107106
0.010318
1.082017
0.160414
1.455629
0.915600
0.237121
0.070606
1.107726
0.174629
3.952781
0.721000
0.396096
1.630437
0.961483
1.074852
1.555586
0.602123
0.044864
0.173623
4.740816
0.978057
0.024095
0.160106
0.112804
0.296403
1.061879
2.620978
0.848049
0.691281
2.552438
0.140306
2.289738
1.029519
0.269139
1.459786
0.192273
0.896351
0.616400
0.113643
2.767592
0.217647
0.455073
1.012826
0.314873
0.099530
0.357176
0.472857
1.644578
0.787543
2.554280
0.150049
1.754404
4.255163
4.084668
0.355771
0.105851
1.444107
0.579898
1.021662
0.102900
3.326280
0.503117
3.368082
0.007721
0.347956
0.633647
0.460521
0.234862
3.926615
0.794359
2.760711
0.731841
1.542709
1.026775
0.148258
1.198202
1.376835
1.261779
0.675970
0.049864
1.772650
3.460370
0.069063
0.043548
0.565523
1.335464
0.596692
1.705249
2.121520
0.905222
0.957897
1.032759
0.463785
0.227633
2.411648
0.300485
1.751861
0.730005
1.344724
1.548613
2.146611
1.822256
0.396901
1.797794
2.033774
1.027042
0.221243
4.205417
1.603993
0.484836
0.360985
1.685293
1.077777
0.469072
2.373564
4.602483
1.134910
1.780999
0.907859
0.363771
1.602276
1.204777
2.128453
0.427604
2.791757
1.186900
1.388159
1.848229
0.607209
1.827153
2.216345
3.537485
0.914807
0.063714
0.276286
0.219743
0.151464
0.475820
0.885906
4.572289
0.085857
3.153140
0.791827
1.614657
1.759865
0.436371
1.213268
1.362473
0.399034
2.585451
2.136602
0.011056
1.927977
0.489140
3.156186
0.060236
1.850426
0.716625
0.323595
0.676594
1.797279
0.559171
0.608256
2.153900
1.836242
0.248693
0.716408
0.512417
0.213018
0.224905
0.118550
0.183021
0.547614
0.291567
1.291742
0.097392
0.274081
3.261929
0.845310
0.203229
1.721531
0.017058
0.364270
0.149123
0.530185
0.629468
2.478642
0.684320
2.294740
3.170564
0.045727
0.112055
1.663251
0.348300
0.622434
1.063644
0.557323
2.015632
0.027019
0.304482
0.063862
0.300256
4.268607
0.029118
0.784947
0.246276
1.351882
0.179012
1.361768
0.733105
3.291915
0.082638
0.741316
2.412126
0.735992
0.554751
2.571089
1.765157
1.521800
0.521270
0.397096
0.331285
3.638809
0.080842
0.145151
1.001025
2.149199
3.861991
0.938615
1.968295
0.452161
0.724429
1.464525
0.192129
1.211745
0.552756
0.046537
0.440161
1.350635
1.607434
1.154186
1.284929
0.462045
0.371189
0.508491
0.576762
0.394773
2.167080
1.205820
0.164298
0.142471
0.649678
1.013344
1.183940
0.557176
0.861835
0.929486
0.348375
1.636787
0.422593
0.140869
0.156618
1.044954
0.643036
1.864131
2.094637
0.264869
1.514401
1.147695
0.826946
5.426109
0.186282
0.544719
0.527462
0.314414
0.959405
1.935450
0.653555
0.084473
0.304762
1.270999
0.615039
0.046705
0.291811
0.755474
0.388625
0.230639
0.480085
0.117503
2.179082
0.387659
0.633027
0.735974
0.596210
2.547239
0.167720
0.681195
0.169458
0.062748
1.219127
0.407105
1.348003
0.669585
0.037644
0.083894
0.027050
0.856890
0.518754
0.344805
0.357016
0.565361
2.002236
2.221863
1.736884
1.369936
0.128304
0.464863
1.723959
0.227214
1.292049
0.115110
1.686855
0.298813
0.298417
3.342315
0.116992
2.300290
0.349419
0.328008
0.155990
0.059359
0.476175
0.587732
0.375484
0.006944
2.217155
1.848221
0.992005
0.146642
0.162483
0.663999
0.188541
0.330565
0.247505
1.467352
1.103467
0.232514
2.957800
0.925995
1.575861
1.112165
0.622593
0.634363
0.557235
0.070701
2.852500
0.422374
0.057143
0.109782
0.483777
1.254742
0.692898
0.401794
2.365176
0.070934
0.312398
2.152968
0.632205
0.626389
0.083493
0.908675
1.302721
1.822923
0.120423
0.847100
1.692392
2.226804
0.097800
0.156114
2.363206
0.481739
0.551162
1.321109
0.246215
0.158546
0.820528
0.960892
2.735162
0.106944
1.036765
0.132795
0.874671
1.031361
0.539151
0.501758
0.534179
1.729307
1.894648
0.599857
1.363098
0.572431
0.580931
0.974341
0.937115
0.611064
0.650297
1.978677
0.403532
0.986035
0.152126
3.803387
0.044502
1.516023
0.182099
1.075793
0.004524
0.395885
0.042068
0.547955
0.965142
0.017457
0.797309
0.513728
2.059671
0.502855
0.027882
0.274633
2.078795
0.665683
0.495152
0.376722
0.340316
0.149926
0.834946
0.150784
0.152357
0.157560
0.270429
2.245731
0.221111
0.031146
2.991839
0.672720
3.506018
1.549375
0.634296
0.558779
0.000493
0.544800
0.272562
0.476438
1.953646
0.964894
2.853069
1.464039
1.918651
0.115129
0.720001
1.728967
1.500401
1.710122
0.559433
0.138363
0.736232
0.838630
1.437030
0.457921
2.277399
2.093240
1.379929
1.365100
4.576243
0.095557
0.430561
0.583216
0.547961
1.127826
0.578314
0.472610
0.028591
0.049091
0.669385
0.389527
0.262687
0.019757
0.080199
0.197932
0.644612
0.262799
0.615588
1.351574
0.078588
0.989803
1.413089
2.349827
5.127624
0.206883
0.044487
1.046070
0.784757
2.361652
0.904617
1.727289
0.011123
0.635144
0.221208
0.200296
0.074802
2.912420
0.496943
1.594664
1.487188
1.650407
0.360098
1.460182
0.606191
2.726976
1.141299
2.281032
3.065943
0.442194
0.441282
0.002870
1.787898
0.961271
0.179640
0.973975
2.862617
2.599194
4.709488
0.410844
0.288459
0.003198
0.154808
0.297419
0.985696
0.006299
2.648923
1.044666
1.948586
0.334827
0.741238
2.453007
0.116276
0.081194
0.162088
0.226893
0.196241
0.031725
0.170624
0.579785
0.386562
0.591783
0.697108
1.228738
0.864258
3.535154
2.896830
2.290293
0.737938
0.278721
0.601850
0.676536
0.721470
2.808208
1.109920
2.749615
0.163570
1.021457
0.308036
0.018409
0.004275
0.463228
0.203439
0.396391
0.043254
0.029905
0.284609
1.291636
0.658220
1.280026
2.474038
0.691800
0.884798
0.222593
0.432807
1.380267
1.541869
0.155998
0.215517
0.619326
0.594496
0.952720
2.012124
0.283379
0.099932
0.092279
0.374309
0.461692
0.130162
1.782292
0.446853
0.286834
0.333490
2.150512
0.991799
1.657640
0.133016
0.183199
0.521812
0.623471
0.146843
0.219318
0.082690
0.075488
0.167168
0.279585
0.358761
0.920746
6.756041
0.852044
0.651946
0.488312
0.114992
1.078554
0.605663
1.076389
0.502016
0.238672
0.405704
0.162867
0.312581
3.044644
0.218001
0.911206
2.601480
0.514887
0.388519
0.113662
0.142243
2.633780
0.635606
0.392386
0.044113
1.235741
0.144031
0.691040
1.404657
1.622117
1.957270
0.297661
0.169661
0.126530
0.382419
0.418019
0.218708
0.129584
0.537173
0.545532
0.142760
1.716518
0.093035
0.492032
0.487618
0.500710
0.963369
0.726193
0.921810
1.317438
0.097879
3.365399
0.740854
1.403819
0.222582
0.640494
1.476713
0.382184
0.815081
2.059228
0.751688
0.742417
1.201022
2.545876
0.301800
3.663592
1.348989
0.499585
0.186936
0.300531
0.522153
1.225235
0.517528
0.055163
0.085149
2.802397
0.082856
2.331197
2.451627
0.943771
1.077258
1.921385
1.807382
1.248227
1.402218
2.557307
0.276510
0.527428
1.396199
1.150632
0.512636
5.914676
0.047516
0.208204
0.159693
0.414027
2.788127
4.758969
1.473800
0.545833
2.649107
0.404158
0.770124
1.263342
0.429636
1.228779
2.479316
0.431493
1.488738
0.073982
2.380636
0.631123
0.441398
3.176801
0.096953
0.724522
3.094598
0.473930
0.304982
0.612135
1.093011
0.306075
2.879894
2.471493
1.534067
0.749983
0.551191
0.269731
0.432604
0.626871
0.402577
0.733074
0.011640
1.642431
1.423313
1.545355
0.104228
0.318342
0.253572
0.832175
3.286889
0.442875
1.800284
0.039731
1.111440
0.492212
0.435915
1.083922
1.861604
2.710755
0.525587
0.711520
0.613004
0.054743
0.813926
1.357037
2.520989
0.238861
0.814659
1.587392
0.223181
0.327025
0.539794
1.140181
1.882648
0.345821
0.928613
3.259887
3.027724
1.745641
0.532647
1.204878
0.657008
0.722925
0.444868
4.883762
1.387259
0.784543
0.031752
0.390411
1.967428
0.095134
2.157839
0.582116
0.089464
0.636650
1.577725
0.051261
0.681585
1.169462
0.572834
0.348723
0.934750
0.785710
0.126659
2.231099
1.924910
0.763581
2.522385
0.960895
0.034066
2.842892
1.098473
0.164294
0.022057
1.393850
0.479433
0.142136
1.109293
0.809880
1.746194
0.921762
0.598621
0.397309
4.799363
3.025576
0.066202
4.760143
1.428736
0.290577
1.528916
1.049006
0.989920
2.052623
0.359630
1.696881
0.836903
0.474757
3.582797
0.078662
0.885953
1.850122
0.064624
1.964447
0.748464
0.805664
0.372575
1.460194
0.155171
0.663964
0.458257
0.793318
0.231131
0.780899
0.014230
0.981923
0.889544
0.155506
0.380048
0.582506
1.800735
4.782887
0.896046
1.534679
0.462514
2.340476
2.932188
4.989971
0.962035
0.087594
0.242996
0.252136
0.940624
0.426880
0.567915
1.449269
0.101040
0.029687
0.265843
1.038871
0.274507
2.631714
0.752877
0.796315
0.713550
0.063496
1.013918
0.882938
1.236133
0.406180
2.195263
0.551184
1.466474
0.001486
0.870405
2.656745
0.196766
0.001989
0.016913
0.455522
1.733689
0.246351
1.075533
1.613712
0.279027
2.224099
0.883546
0.536731
0.477220
0.187631
1.798097
1.699634
0.232935
0.059111
0.159408
0.499291
0.446806
2.761220
1.444149
0.184677
2.231916
3.240806
3.202990
0.692729
1.035950
2.376684
0.201814
6.005414
0.339612
0.430403
0.277535
1.219460
1.314850
0.259789
0.245587
5.246974
1.641516
0.313107
1.673541
1.215001
0.562555
2.827583
1.335125
0.328438
2.424544
0.445869
1.527666
0.673637
0.529161
0.225547
0.720607
0.754294
0.379160
0.264671
0.775992
0.550590
0.785245
1.433202
2.663047
0.718642
0.918644
0.099394
0.226438
0.495467
0.787855
0.236996
0.745585
1.368506
1.258718
1.919606
0.924591
1.395759
1.021899
0.111147
1.010576
1.133069
0.348077
1.587672
0.458117
1.934892
2.098702
0.547649
1.587214
0.282914
0.211111
1.931257
0.089341
1.146370
1.349894
0.678029
0.295658
0.034159
0.500800
0.513378
0.624131
0.228558
0.336049
0.264432
0.154319
0.410619
2.072588
2.062670
0.777236
1.129843
0.943455
0.872283
0.600414
1.120397
0.468542
0.375734
0.257881
0.501448
1.364590
0.038915
1.505279
1.605581
1.143377
1.077269
0.146599
0.433231
0.155329
0.694467
0.592396
0.509324
4.118304
0.539051
2.010158
0.383438
0.231742
0.488273
0.510711
0.713893
0.094505
1.014651
3.411580
0.119436
1.672471
0.478117
0.118523
1.475236
3.460626
1.293600
1.613095
1.860439
1.715172
0.628860
0.659595
0.085385
1.402995
2.367451
3.080631
2.952884
0.615364
1.407541
0.484066
1.894604
0.209227
0.063293
0.219020
0.328962
0.196811
0.688000
1.358481
0.750096
2.466138
0.168706
0.010201
0.367586
1.184204
0.203914
0.024247
0.341665
2.275099
0.335710
0.187222
0.354334
0.710544
1.583406
1.100470
2.008218
0.595201
0.237567
0.216139
0.053512
0.931091
0.397104
0.440741
0.483073
0.045140
0.503143
0.171071
0.167265
2.259921
0.199411
1.181809
0.618102
0.422907
3.527946
0.724512
2.545677
0.245500
0.784626
0.276342
1.611998
0.065317
0.274310
2.923983
0.765804
0.623160
0.407148
3.766829
3.607914
0.676935
0.669244
0.142355
0.553508
0.207112
0.822450
0.474394
2.069523
1.115978
1.625215
1.196935
0.278931
0.661927
0.415634
0.589062
0.082013
1.964559
3.380689
2.857202
0.171080
0.054394
0.639604
1.924066
0.940871
1.031332
0.043483
0.035388
2.732499
0.648802
0.613708
0.629272
0.560925
0.520525
0.109522
0.335322
0.261545
0.111477
0.561250
1.091719
2.365266
1.403957
1.592126
0.366146
0.997047
0.149459
0.375345
0.373082
0.884310
4.258971
0.036262
0.218987
0.624660
1.285705
1.835573
0.251916
0.003376
2.724953
0.117537
0.555965
0.290781
0.150839
1.203897
0.702657
0.469471
0.420664
2.369506
2.003865
0.053862
1.835020
0.178455
0.260667
0.654305
0.972493
0.789484
0.115948
3.918706
1.430922
0.948957
3.614457
6.086901
0.889612
0.571343
1.020088
1.351840
0.031523
1.201445
0.652536
0.915573
0.142089
0.045556
0.772251
0.358911
1.645618
3.487146
0.848867
2.545626
0.297266
0.428785
0.405130
0.454833
0.034501
0.557262
0.686337
3.617464
0.464242
0.291792
3.290277
1.410592
0.068350
0.300582
0.346265
1.484609
0.347546
2.567117
1.226312
2.015476
1.877239
1.118033
0.755914
2.403476
0.222022
0.847960
0.739993
0.336827
0.810333
0.255971
1.066836
0.157024
1.269413
0.997321
3.228778
1.003036
1.235652
0.930878
1.504946
1.099459
3.349397
2.160632
1.445754
0.051992
0.079556
1.533417
2.305266
0.207866
1.825712
0.004928
0.554934
0.282223
2.353855
0.119430
0.468876
1.855317
0.918445
1.928420
0.740990
0.098702
0.383248
0.999929
0.630521
5.429486
0.824818
0.567428
0.919574
0.471597
0.421917
0.347032
0.508127
3.218416
0.460800
1.846303
0.523682
0.559215
2.556196
1.173772
0.401381
0.152019
2.449796
0.376210
1.477701
2.163387
0.466223
0.450271
0.083487
1.393812
0.141304
1.036160
0.036915
0.152571
1.320074
0.307214
0.041406
0.136559
0.274346
4.110263
0.236739
0.171322
0.222028
0.465956
0.372755
0.900402
0.616441
0.853582
1.322838
0.986048
0.032146
0.151851
1.078062
0.719417
0.238955
2.286001
0.923196
0.743210
0.720755
2.461810
1.236866
1.318301
1.178997
0.818641
0.626551
0.866537
2.348813
0.832400
0.112412
0.356732
1.513564
0.271240
0.230148
0.197380
1.396048
1.399709
2.205279
1.002427
1.752788
0.262810
1.027611
0.669102
1.171432
2.365482
0.166442
3.382573
0.989699
0.124007
0.588660
1.112891
3.141744
1.637460
1.014688
1.474099
0.286661
2.283329
0.190469
0.938864
0.070657
1.955460
0.090484
1.781939
1.193645
0.734134
0.359519
1.120585
0.786640
1.016933
0.378932
0.159386
0.693169
1.204042
0.189533
1.492355
0.957262
0.000675
0.071629
0.776001
2.544724
0.049214
2.010200
1.043800
0.763192
0.615450
0.836648
3.794212
0.017814
0.439894
0.083776
0.066539
0.194930
0.852240
0.860472
0.215234
1.107838
2.881976
0.666590
0.427547
1.950615
2.415326
0.674808
0.108683
1.994334
0.777203
0.194578
2.451441
0.102374
0.356620
2.311224
0.969720
0.847340
0.770977
0.857702
0.869788
0.579383
1.414324
0.578404
1.539258
0.760743
0.890197
0.362309
0.314114
1.819890
1.758566
4.430460
0.034491
2.033737
1.261071
0.672604
2.874470
1.716628
1.310349
1.263074
1.097907
3.109873
0.862398
0.572273
0.279675
0.777671
0.075719
1.121451
0.292751
1.145600
1.460746
0.413844
2.491141
0.480337
0.140931
3.556404
0.391640
0.522253
0.084743
0.872919
3.694947
0.570010
0.500973
0.845894
1.473749
0.958839
1.414616
0.143042
1.880823
5.588768
0.018073
1.029703
0.055127
0.581199
0.424582
1.708494
0.395406
1.623526
1.198960
3.240552
1.293743
0.974335
0.241118
0.223294
0.493055
1.485866
1.232675
0.327077
0.176214
1.108589
1.454907
0.935977
0.072915
0.963156
0.845866
0.785970
0.279313
0.692451
0.597712
0.787384
0.119698
3.528051
0.392623
1.254036
0.473787
0.253869
0.100734
0.599169
0.118722
1.447715
4.807557
0.290049
0.722039
0.360130
0.020063
0.927506
1.143584
0.485053
0.564336
0.696309
0.595563
0.645844
0.296408
1.340668
1.545349
0.860436
0.070343
0.130403
0.484904
0.126099
0.311172
1.911884
0.096550
0.421885
0.497633
1.123467
2.764452
1.371842
1.034333
1.025387
0.511056
0.303037
1.124929
0.486758
0.015690
1.129111
0.771087
0.076082
0.517708
0.113478
1.476823
2.421997
3.108898
0.619684
0.517929
0.521250
0.026043
0.329526
1.497146
0.666274
0.542036
1.500106
0.193711
0.209545
0.472043
0.333889
2.671858
3.063762
0.793609
0.533091
0.158014
4.073543
0.352532
1.050056
0.879864
0.031863
0.741191
0.348051
0.668603
2.767411
1.348139
1.506927
1.395733
0.483371
1.212507
0.679349
1.684990
1.522731
0.544669
0.349530
2.130168
0.426212
0.418988
0.280775
2.875115
1.810796
0.099052
0.167874
0.379739
0.897553
7.854507
0.642497
0.486158
0.785268
0.267263
0.745275
0.798684
2.487289
0.539873
0.487361
3.205002
0.008476
1.930755
0.847417
0.826310
0.380186
1.578853
2.146493
2.054641
0.992439
0.246507
0.574700
0.194363
0.838752
1.278675
0.353631
2.258502
0.639614
1.465647
0.748408
2.145682
1.974955
1.021331
0.274298
0.073122
1.941880
0.393649
1.065249
0.941726
0.247866
1.487014
0.176105
1.727620
0.058477
0.441008
2.010331
0.962799
0.363097
0.042340
0.591846
4.090987
1.372348
0.190642
0.821562
1.655257
1.141460
0.689918
1.284296
0.366525
0.172374
1.101763
0.756057
1.305246
1.719946
1.417862
0.560820
0.277395
3.814675
0.451456
2.759131
0.434450
1.248465
0.456543
1.128479
1.086676
1.159923
0.043932
0.843075
2.549875
0.730603
0.486255
0.100923
0.002235
0.002287
0.197293
0.115499
0.467038
0.717494
0.511980
0.575924
0.933259
0.724616
0.318001
0.652398
0.201101
1.074691
4.904769
1.045109
0.080882
2.761115
0.175865
0.254146
0.338445
1.915237
2.359016
0.050500
0.922548
0.006339
1.189253
0.012595
2.433769
0.583791
0.212783
0.471936
0.161678
0.414427
0.962531
0.114503
1.669382
0.956917
0.414424
0.549061
1.280483
0.180819
0.695118
0.631676
2.132255
0.086081
0.242105
0.917820
0.151064
0.285856
0.273810
1.958416
0.447956
0.738505
0.848223
0.220474
0.032724
0.103946
0.529443
1.969439
1.672080
0.703878
0.261012
0.057896
0.185107
1.573552
1.093125
0.564615
0.773992
0.313195
1.389496
2.285343
1.548841
0.771163
0.349833
0.270213
0.788522
0.400018
0.812525
1.346493
0.533142
0.787306
0.913389
2.399108
1.503370
0.763174
0.029077
0.648381
0.228977
0.104132
0.579740
0.998900
2.683396
0.681298
0.802095
1.410086
0.593332
1.136734
0.213849
1.407568
1.054549
1.009344
0.928263
2.090460
0.007551
1.672293
1.101786
0.488449
1.634263
0.703543
0.320128
0.834483
1.460369
0.818679
0.601907
0.478604
0.502209
0.056764
0.062350
0.436550
1.298927
0.615594
0.635193
0.038458
3.651653
0.212098
0.387695
2.444132
0.355958
2.769367
1.318002
0.286091
1.209909
0.170938
2.203981
0.888021
1.152627
2.063965
0.469270
0.113278
1.170643
0.553116
0.551655
1.695553
0.252927
0.194537
0.905172
0.969882
0.629339
0.108162
0.512680
2.014687
1.400929
0.212456
1.139491
0.851900
2.835659
0.442577
0.904262
0.775480
1.671045
0.891235
0.270978
0.486709
0.950545
0.310220
0.176878
3.229235
1.532649
0.238287
0.422881
0.198461
5.664848
0.343565
0.122542
1.807665
1.042704
0.014937
0.339828
0.157620
0.866548
0.936493
0.794233
0.131295
1.069318
0.225661
0.978664
1.586379
1.262968
0.927123
0.193952
1.073264
0.211333
3.114109
2.217390
0.117402
0.873098
2.437208
0.313953
0.002622
1.015181
1.259482
2.096314
0.361345
0.774815
0.517973
0.381338
0.144809
2.129082
0.933944
0.173969
0.618311
0.483986
0.098130
0.583968
0.129869
0.207021
2.859658
1.970127
1.675832
1.357703
0.354655
0.441773
1.204211
1.109876
1.845044
1.399219
0.775269
1.031345
1.731924
0.564087
0.303808
0.764034
2.391310
0.995057
0.270166
1.092768
1.613988
1.084953
1.550775
0.053519
1.419671
2.872997
1.971303
1.217894
0.060336
1.090098
0.059189
4.777817
0.037366
0.437275
1.913658
0.185174
0.199112
0.207667
1.672236
1.034676
0.044335
0.947367
0.949835
0.987472
2.084920
1.137377
0.681450
0.986891
0.779093
0.274201
3.565677
0.275008
0.114191
0.393106
0.194337
2.354031
0.724364
0.488499
0.436830
2.478729
0.417835
0.575894
0.641415
1.286884
0.178745
0.062939
1.212964
0.398642
0.840997
0.031576
0.167169
0.218808
1.755468
0.941092
0.630090
0.256628
0.061472
0.954196
0.179643
0.603814
0.872471
2.222505
0.001026
0.047529
0.968563
0.076557
1.221855
0.514626
2.220417
1.573418
1.166279
1.718380
0.414213
0.108033
0.492721
0.380885
0.912677
0.225620
3.780884
4.984701
1.196387
1.038091
0.896200
0.364920
0.347072
0.702963
0.175373
0.184816
2.423564
0.835901
1.072194
1.172304
0.844527
0.572286
1.575440
3.237054
0.100979
0.573204
0.797025
0.726520
0.620049
1.343864
1.097380
1.642200
0.850074
0.213305
4.032909
1.231615
1.978006
0.381011
2.954266
0.125917
0.126223
0.052723
0.810766
0.439252
2.256434
0.111704
2.252540
0.059943
0.397086
0.575505
1.723074
0.612870
0.135496
0.758169
0.120319
0.900133
2.684249
0.084847
0.559270
0.709794
0.089619
0.439958
2.927392
0.184372
0.857598
0.691710
1.047011
1.786146
0.708889
1.445556
2.620740
1.392346
0.629669
0.234328
1.531473
0.213732
0.064175
0.324407
0.013859
0.582988
0.595099
1.099827
0.233730
2.144554
0.360544
0.088796
1.726548
0.756423
1.076993
0.186927
0.184207
0.239817
0.547733
0.291443
1.486124
0.166486
0.814895
2.767928
0.397932
1.439027
2.656595
1.488933
1.385009
0.262565
0.999972
0.058562
0.255842
1.130236
0.555995
0.004484
0.034341
1.157438
0.919937
1.620581
0.579016
1.326275
2.679415
0.158486
0.452874
1.927775
1.417557
0.828268
1.801539
3.799295
0.817376
0.327565
0.697354
0.340056
0.347274
0.746094
0.063901
0.056505
0.462587
0.121738
0.701324
0.321084
1.238266
0.057242
4.021816
0.413496
0.428763
1.460592
3.721531
0.673677
1.429300
0.069994
0.524712
0.634725
1.757981
0.532583
0.569974
0.609874
0.720241
0.085438
0.708659
0.477895
0.224239
0.967694
0.038265
0.154350
4.227781
0.434627
1.613056
3.558613
1.941321
1.586561
0.098502
1.922971
0.275734
5.093453
0.017885
1.119280
0.570180
0.308502
0.416745
1.266371
0.086895
1.367215
0.312936
0.554511
2.983618
6.411277
1.759571
1.787904
0.464259
0.963425
1.444847
0.269561
1.238591
0.192601
1.103562
3.187868
3.121696
1.897648
0.214541
0.992505
0.262540
0.534443
1.316514
0.155613
1.121738
0.627833
1.778064
0.908864
1.931058
2.912311
1.615391
1.243266
0.105464
0.207816
0.064999
0.847484
0.244538
0.383322
0.496171
0.188197
0.345479
0.327456
2.134664
0.259191
0.127139
2.961657
0.153507
2.656973
0.433263
0.908843
0.896071
2.320349
0.742210
0.094681
0.569324
0.413827
0.745647
0.777343
3.733493
0.732931
0.336280
0.727059
0.389621
0.161041
0.105595
1.080378
0.164596
0.251663
0.360254
0.548022
2.365029
0.305917
0.989528
0.979228
2.022533
1.024304
2.648926
0.584453
0.058102
0.821712
0.000254
2.851707
0.353675
0.695349
1.030314
0.119630
0.450765
0.456448
3.073132
0.162834
1.696925
1.109480
1.302917
1.649160
0.671203
3.211635
0.793150
0.434372
0.057281
0.125090
0.687079
1.159958
0.097926
0.063080
1.315533
0.075066
0.011250
0.903140
3.860341
0.951949
3.254026
0.262543
1.264942
0.807979
0.520668
0.872075
1.187843
0.170199
1.118391
1.855332
0.057598
0.029752
2.570451
1.093100
0.601419
0.035612
1.220174
1.590704
0.482042
1.040806
1.455212
0.038775
0.743829
0.203705
0.950658
0.331400
0.126398
0.858357
0.204182
0.899294
0.651043
1.431051
0.293310
2.077770
0.809794
1.682986
1.131656
0.142309
0.262019
0.409907
0.580369
0.428375
1.453440
1.253417
0.011354
2.542539
1.317856
0.846265
1.840998
0.014556
0.791012
1.396013
2.256775
0.348640
3.015911
0.981046
4.291384
0.801334
2.334773
0.860516
0.701354
1.972304
1.174744
0.804013
0.692187
0.638887
0.422510
0.524731
1.136469
0.103948
1.724586
1.646572
0.231104
1.211146
0.924002
0.885604
0.061484
5.076033
0.250270
2.076458
4.466109
1.561567
0.472902
0.052930
0.052459
1.435632
2.082757
2.138343
1.388144
0.325305
2.086808
0.866538
1.197888
0.109159
1.906424
0.427712
0.628889
1.307434
0.543659
1.222154
2.258643
2.744337
0.026787
1.383111
3.974176
2.005326
1.098889
0.202766
0.084376
0.910360
1.371714
0.946447
0.026653
0.211651
1.922446
0.062796
0.508330
0.314138
0.547679
2.531158
2.203219
0.601344
0.072102
0.233045
0.031195
0.530792
1.827255
0.579232
0.195920
0.212632
0.097410
1.186692
0.449331
2.557346
1.140492
0.754224
0.815634
0.007596
0.327184
0.445267
0.028361
4.725592
0.553874
0.460621
1.116536
1.715908
0.621416
1.248263
1.361575
0.116943
1.322886
1.437495
2.102483
0.234984
0.419213
0.564349
1.218867
1.495912
0.059718
0.098803
0.372722
2.970285
1.643390
0.448303
0.086804
0.365766
0.584184
0.179113
0.849348
0.762084
0.221315
3.399874
0.397339
0.909682
0.874057
0.528072
5.415940
1.066981
0.475113
0.843428
0.475931
0.330916
0.440859
1.800325
0.150894
0.773295
0.353909
1.976349
0.099558
0.668196
0.431126
0.504997
1.712477
1.079495
0.088746
3.551414
2.553181
0.061759
0.168107
0.867759
3.267367
0.202642
0.071394
0.500140
0.214707
0.497913
0.438727
0.885687
0.191250
0.522364
2.699105
0.265889
1.350114
0.469818
0.945870
0.008123
1.604745
1.190522
0.339202
1.446334
0.311437
2.533986
0.230453
1.439662
0.039657
1.473449
0.121998
1.120562
0.052780
1.049714
0.688775
0.667029
0.957750
0.256259
1.142334
0.536337
0.054145
3.862450
2.841315
0.045929
0.699556
1.057629
0.211774
0.987847
0.175894
0.240384
0.019082
0.990065
4.130057
0.519497
0.458675
0.405775
0.164031
0.389701
1.167474
0.997445
0.391246
0.603790
2.011680
0.177119
2.504028
1.290294
0.668322
2.635500
1.956931
0.208726
0.972930
0.530440
1.781783
0.116177
0.726833
0.044911
1.390206
0.243979
0.803553
1.203791
1.706680
0.545493
0.407744
2.405200
2.449535
0.513411
2.234694
2.442644
0.313613
1.925762
0.013170
0.591470
0.054681
0.836629
1.580981
1.185725
0.801432
0.033240
0.184377
3.049354
1.082886
0.617912
0.011591
0.795507
1.847565
0.255940
0.758810
0.713796
1.032085
0.896643
1.762332
3.481141
1.216367
1.241476
0.667790
0.406221
1.279415
0.239137
0.280019
1.065169
2.237565
0.180581
0.358246
0.081997
0.233590
2.733660
0.078304
1.397938
1.493221
0.298383
0.448099
0.151950
0.878840
0.273146
0.077589
0.752069
0.190944
0.062109
0.777426
0.044329
5.812457
0.813500
0.881390
0.648814
0.538286
0.896804
0.119332
1.240935
1.955634
0.700902
1.370199
1.401072
1.085679
0.299022
1.348816
0.334757
1.627051
0.352190
0.712366
0.701478
0.949008
0.117877
0.067253
2.334450
0.373787
4.109625
1.026150
0.465646
0.858901
1.220790
7.077046
2.030696
2.242334
7.482590
1.365693
0.701275
0.254780
2.053131
0.291794
0.535299
1.065970
0.189859
0.119773
1.270731
0.575832
1.291749
1.422046
4.028394
0.429126
0.127385
0.377228
3.388633
0.179522
1.338309
0.594988
1.595771
1.966385
0.689653
0.829186
0.388200
0.102997
0.103953
0.279255
0.277764
3.040190
0.045403
1.822655
0.063724
4.256415
1.154470
0.363498
0.974215
1.330283
1.772676
0.157990
2.557279
1.384939
2.531998
0.073380
2.751312
1.511159
0.193836
1.454774
1.233401
0.572519
1.138623
0.305759
0.175588
0.520063
1.916237
0.204888
0.273200
0.624967
0.954313
2.577802
0.943012
0.330952
0.391804
1.129748
2.592464
2.698721
0.852760
0.331109
1.873946
0.217131
2.271852
0.331220
0.153411
0.026038
0.573277
0.430954
1.265662
1.977138
0.558566
2.750903
5.336675
0.443685
0.191346
0.070973
0.303948
0.409006
4.765695
0.364059
0.169103
2.967003
0.918469
1.038127
1.661026
0.626495
1.501703
0.949807
0.091750
0.008254
1.460750
0.016265
1.484667
0.460950
2.457030
0.045201
0.050897
2.394673
0.223951
1.457764
0.214439
0.850466
0.221311
0.758187
1.302250
0.838482
1.976659
0.377154
0.787687
0.986193
2.556897
1.082148
0.023404
0.650906
0.013136
0.385387
2.332944
0.444618
0.530082
2.566983
1.217374
0.115373
4.335260
1.071666
2.100001
1.746780
5.043906
0.182021
0.072796
0.021154
0.701208
0.000239
1.408471
0.144776
1.565503
0.362270
0.646366
0.063469
0.161763
0.000901
0.906209
0.037752
0.123866
0.491930
3.376688
0.742468
0.873526
0.367680
0.006848
0.022742
0.756687
4.049233
1.012020
0.326186
0.452378
3.188985
0.239764
2.315066
0.560173
1.280491
0.697884
0.050580
0.138562
1.654212
0.979512
1.032220
2.763864
1.911186
0.504599
2.906929
0.682881
0.912916
0.162014
1.204547
0.288349
0.062079
0.760380
0.074407
2.760559
3.745877
1.391845
0.170898
0.668732
0.469060
2.188043
1.441212
0.353134
1.950356
0.189025
0.359466
0.029516
0.278616
1.349452
0.080285
0.350040
1.670054
0.104017
2.768289
0.249405
1.438279
0.448587
0.597252
0.389985
0.789469
0.591548
0.569827
0.746020
0.118795
0.913505
0.296218
0.625728
0.476317
0.102506
0.406120
0.982014
0.010543
0.190823
2.493987
0.563169
0.030253
1.315628
1.157223
0.911673
0.040481
7.095589
0.027250
1.058271
0.599815
1.844519
0.754937
0.602317
1.251679
0.080547
1.294642
2.423666
0.556949
0.677532
0.561405
0.496785
0.986262
0.844137
1.282595
1.024627
0.107740
1.451673
0.789170
0.168301
2.733753
0.242222
1.358550
0.420892
1.299540
1.017828
0.108832
0.905696
1.040094
0.678928
2.749737
0.038467
1.080833
0.102700
0.679069
0.170904
1.974410
0.433596
0.391210
0.205338
0.893165
0.240652
0.977311
0.775683
0.115077
0.169949
0.129053
0.045278
1.162603
0.735669
0.995149
0.874176
1.751870
1.144478
2.837206
1.132254
1.334784
0.813114
0.122419
0.817931
0.283833
0.540627
0.916390
0.181350
0.397800
1.596722
1.972079
1.407163
0.186678
0.459559
1.944794
1.929475
1.081876
2.325844
2.302400
1.565974
2.614006
0.542579
2.116329
0.169968
0.882346
0.982397
0.656120
0.314405
1.028488
0.703800
0.838858
1.404271
0.696000
0.658345
1.398421
2.051398
1.409464
1.852069
1.235229
4.027065
0.286912
0.149376
0.184041
1.194759
0.098777
0.058702
2.378873
0.823281
0.056723
0.689326
0.624126
0.024485
0.678050
0.333166
1.311556
0.651508
1.845047
0.372066
0.996961
1.917336
2.887951
0.268117
5.019098
0.071512
3.425082
1.267081
0.341350
1.584898
0.106778
1.445699
0.147155
0.443077
0.173574
1.356254
3.718427
0.110658
5.926895
0.219046
0.268472
1.004943
0.042117
0.404038
2.088822
0.473818
0.454144
0.943697
1.225934
1.413243
0.630649
1.147749
0.403942
1.510526
0.019303
0.713904
0.137955
