0.101004
1.316109
1.010078
0.206125
0.478841
0.417838
0.738069
1.088211
0.068993
0.020130
1.264520
0.396890
1.005663
0.001476
0.412640
0.894937
0.181831
2.033749
1.621874
0.021747
0.018043
0.545723
1.959531
0.335986
0.170878
0.383868
0.020630
0.175443
0.403237
0.479365
0.185765
0.183744
0.172830
0.430816
0.239528
0.015207
1.272290
0.569068
0.719631
0.143976
3.429060
1.376012
0.090192
0.283156
0.894797
0.869395
1.929046
0.383857
1.240517
0.776712
0.253049
0.620000
1.498797
1.310460
0.492640
0.622417
0.024595
0.194634
1.117580
0.374480
0.132972
0.557089
0.849912
0.785645
0.328670
0.404576
0.497101
1.054952
0.515148
0.349753
0.470921
0.021015
0.031123
0.850717
2.859952
0.629576
0.350150
0.130725
0.488344
2.815155
1.030367
0.542988
1.377729
0.184936
0.504754
2.132437
0.603585
0.430206
0.219607
0.555845
2.204484
0.004008
1.071617
1.202251
1.521193
0.944308
1.159350
0.511854
0.576850
0.388699
0.040432
1.428209
0.590778
0.156060
0.491843
0.464410
0.308899
0.297337
0.541259
0.683766
0.663542
0.428932
0.019862
0.182596
0.136539
0.614725
1.381342
1.121164
1.116521
1.186640
0.206336
1.290483
0.782700
0.060832
0.011782
0.010267
0.986226
0.200966
0.081172
0.686211
0.295568
0.050435
0.121735
0.524625
0.128868
0.223098
0.870360
0.424496
0.272027
0.449413
0.016743
0.342068
0.382419
0.145812
0.080600
1.610540
0.499511
0.164201
0.651359
1.188940
0.014727
0.012618
0.110855
0.888171
0.122237
0.853611
0.793625
0.550762
0.174461
2.599063
1.118986
0.508837
0.176797
0.731895
0.351651
0.600361
0.271247
0.697772
0.042409
0.248280
2.407302
1.458607
0.256088
1.368890
0.260114
1.961135
0.953373
0.376705
0.203582
0.005961
1.476745
0.027058
1.198084
2.292833
0.591236
0.131711
1.416307
2.548736
0.852232
0.497738
0.332336
0.298251
0.161260
0.784929
0.397116
0.151073
0.077202
0.767541
0.245756
0.484923
0.275488
1.436941
1.609561
0.012781
0.156947
0.277978
3.042646
1.068535
0.289902
0.167695
0.785578
1.272821
1.883706
0.294956
1.498286
0.813333
0.463831
2.963922
0.187187
0.904874
0.061937
0.130173
1.693287
0.167641
0.996408
0.641769
1.287778
0.321326
0.291163
0.240942
1.414397
0.648408
2.160074
1.527901
0.101798
0.560778
0.077085
0.027947
0.053207
1.407821
1.086203
1.234245
0.291813
0.668497
1.065973
0.332415
0.592052
0.177264
0.059695
0.217163
1.549998
0.581797
1.813815
0.428445
0.227219
1.082572
1.231240
0.008721
0.776938
0.067313
0.085598
1.514342
0.028593
0.191768
3.105301
0.382533
0.085959
0.128227
0.193415
0.953822
0.075960
1.691533
0.332683
2.460779
1.679542
0.243721
0.204568
0.453735
0.073853
0.738988
0.028299
0.007393
2.835241
0.245236
0.635428
0.418288
0.263081
0.045524
1.712454
2.450247
2.449858
0.082646
0.169622
0.673280
2.736769
0.548017
0.815752
0.758954
0.209909
0.546013
0.257032
0.198008
0.059409
0.230718
2.867866
0.415821
0.738908
0.721928
1.978010
0.346557
0.256490
0.277458
0.266611
1.314739
1.567729
0.252487
0.284876
0.550030
0.605561
0.634373
0.196817
0.014409
0.195577
0.052554
0.560832
0.051490
0.054671
0.706234
0.240554
1.099774
0.475831
1.389651
0.117214
0.487207
1.109265
0.056169
2.086286
0.133170
1.047930
2.934951
1.206413
0.269741
0.079122
0.505599
1.762406
0.243192
1.569430
0.106945
1.689318
0.022593
0.265928
1.633768
1.140235
1.663767
1.285958
0.959804
0.818915
0.137342
0.396730
0.120297
0.878255
0.771368
0.203796
0.046608
2.315125
1.156104
0.557821
0.545670
1.334043
0.422711
0.352591
0.289451
0.208855
0.017298
0.727789
0.377318
0.591762
0.045044
0.306892
0.104181
0.093575
0.209935
1.235996
0.355013
0.358842
0.663528
0.186171
0.005254
0.526585
0.486464
0.732559
0.403772
0.811998
0.920230
0.190610
0.478338
0.456171
0.178481
0.372013
0.575335
1.662154
1.748225
0.225326
0.727742
0.034578
0.051968
0.501766
1.469317
0.121604
1.016787
1.501964
0.261575
0.825626
1.323292
0.325221
0.845780
0.933374
0.631978
1.357908
1.588435
2.254594
0.592789
0.135744
0.201933
0.171789
0.589994
0.992450
0.037479
0.801193
0.883995
0.299378
0.506605
0.126057
0.916264
0.029092
2.782513
1.154977
0.693047
0.217929
1.708191
2.243461
0.104865
1.046518
1.291306
0.754585
0.843733
0.412225
1.806756
2.483349
0.337287
1.136162
0.397080
0.126020
0.275615
0.094537
1.676941
2.243206
0.088837
0.642593
0.367239
0.087966
0.245163
0.199715
0.969222
0.002812
0.147365
0.404341
0.014881
0.691313
0.651322
1.262678
0.162005
0.234617
0.547139
0.223398
0.616880
0.202201
0.805362
1.096099
1.157573
2.544501
0.551801
0.472453
1.355091
1.025941
0.591666
0.338311
0.233899
0.080112
1.153540
0.087951
0.962790
0.551662
2.345592
1.002097
2.541950
0.102809
0.485723
0.594989
0.261015
0.489461
0.308930
0.526128
0.000592
0.408772
0.417916
0.254488
0.356881
1.069782
0.805110
0.474504
0.730227
0.331874
0.159634
0.002718
0.227644
0.638198
1.493953
1.237991
0.500718
3.040942
0.433383
1.259544
0.368116
0.955531
3.072572
0.255029
0.130695
0.677371
0.529941
0.311769
0.002468
0.345047
0.388429
0.363732
1.382533
0.614670
0.926536
1.597325
0.966980
0.475060
0.958657
0.715847
0.732371
0.695363
0.365791
0.694582
0.703074
1.936546
1.067805
1.310781
1.021205
1.182414
0.651029
0.300956
0.215123
0.861749
1.449710
0.550063
0.115470
1.252729
0.463891
0.440598
0.032515
0.499746
0.955852
0.384451
0.307146
0.748698
0.013957
0.495305
2.044789
0.820840
0.359826
0.817367
0.650198
0.164022
0.162978
1.520245
0.219406
0.054486
1.243165
0.518457
0.321437
0.501518
0.934191
0.129212
0.741037
0.874858
1.181193
0.220068
0.658527
0.184880
0.576350
0.132426
1.091679
1.410701
0.279962
0.176007
2.322863
0.858568
1.299600
0.021707
1.607576
0.681840
0.266400
0.395655
1.003643
1.077325
0.147419
0.688237
0.126754
2.529636
0.410358
1.710461
0.912005
0.652445
0.212653
0.523459
0.104453
0.104030
0.880530
0.313594
0.974270
0.192561
0.886486
0.887279
0.255190
0.078737
0.354096
0.474590
0.073732
0.144711
0.039853
0.637066
1.537977
0.170841
0.024731
0.851996
1.180841
2.329334
0.664855
0.293457
1.273544
0.087948
0.825808
0.070053
0.357235
0.478270
0.332252
0.129249
0.184518
1.200942
0.434677
0.607138
0.166697
0.878527
0.280457
0.630324
1.681584
3.628669
0.033124
1.117713
1.364321
0.269526
0.338188
0.607673
1.757935
0.357495
1.484360
0.994796
0.115638
1.714785
0.010708
0.109804
0.765143
0.041171
0.334049
0.097466
0.435086
1.282721
1.655751
0.025280
0.043947
1.285543
0.030631
0.223749
0.087447
0.066816
0.019608
0.710337
0.955486
0.812575
1.307849
0.761404
0.345665
0.697991
2.445199
0.718280
0.194959
0.043450
1.915148
0.624965
0.301133
0.650834
0.575096
0.516953
0.043912
0.305033
0.372494
0.155648
1.484799
0.386299
0.760096
0.875125
0.951847
0.893870
0.976617
0.202854
2.622665
0.114595
1.756274
1.349636
1.338158
0.037980
0.066955
1.173862
0.443315
0.323706
2.925359
0.028661
0.530701
0.410073
0.096039
0.351987
0.860856
1.497824
0.017449
0.520386
0.066307
1.127985
0.062783
0.024354
0.339424
0.923323
0.263005
0.097487
1.107863
1.151253
1.355878
0.253427
0.387163
0.197088
0.570210
0.280446
0.289445
1.071508
2.191224
0.614185
0.077408
0.740044
0.416721
3.097779
0.889531
1.260360
0.845789
0.536935
1.589885
1.247060
0.241052
0.119578
0.323816
0.515352
0.071718
0.296589
0.598811
0.031187
1.180985
0.737113
0.263457
0.247995
0.304371
0.275429
0.966257
0.486684
0.522773
0.112740
1.720796
0.275724
0.277794
0.049932
2.718119
0.457342
1.708366
1.838051
2.448831
1.183565
1.817336
1.788334
1.131410
0.101179
0.519212
0.599962
3.424766
1.072567
0.849619
0.961086
0.314129
1.996913
0.721996
0.360588
0.437282
2.729891
0.531693
0.128576
0.112410
0.813628
0.579116
1.661152
0.142854
0.370660
0.911265
0.035983
0.073148
0.552310
0.216214
0.079169
0.212381
0.700039
0.523141
0.057224
0.052919
1.330916
0.721482
0.133276
1.385510
0.015464
0.321322
1.317009
0.867184
0.233611
1.553295
0.638048
1.404299
1.563098
0.387910
0.788045
0.550415
2.026934
1.120199
0.905775
1.177528
4.408575
0.207528
0.157395
0.961455
1.029786
0.505492
0.467339
0.361959
1.500096
1.113541
0.614955
0.028662
1.333332
0.429329
0.147298
0.249027
0.822848
0.003866
0.089519
0.252331
1.527444
0.961670
2.473312
0.548194
0.593990
0.561100
0.522033
0.546682
1.194810
2.145839
0.367330
0.695911
0.257475
0.251585
0.494104
0.617775
0.558947
2.627907
0.124528
0.708700
3.646063
0.932623
0.584150
0.321608
0.360078
1.929955
1.579863
0.775378
1.603099
1.814716
1.311125
0.338493
0.437011
1.112427
0.326357
0.968627
0.459663
0.287202
0.426355
0.086712
0.306408
0.375533
0.012831
0.132182
0.210994
1.365778
0.623397
0.236934
4.260565
0.208809
0.504778
0.941660
0.822816
0.397798
1.050401
0.465592
0.879829
0.473233
2.490365
0.881590
0.067078
0.097057
2.377656
0.182254
0.018539
0.204393
0.457462
2.128051
0.356564
0.899895
1.258568
0.065373
0.662530
3.828267
0.558327
0.535229
0.298006
2.044507
2.445301
0.076222
0.563378
0.380862
0.779564
0.088408
0.215838
0.228742
0.457362
1.103483
1.365598
1.080633
0.790654
0.063861
0.345683
0.773315
0.243944
0.496235
1.648293
0.086433
1.346313
0.078301
0.341848
1.650590
0.157251
0.514862
0.377222
1.532150
3.385504
0.238357
0.474749
1.577691
0.550906
0.169116
0.997997
0.287780
0.465838
0.006019
3.154808
0.749594
1.820815
2.424567
0.217937
0.544386
0.406187
0.998559
1.293323
0.181648
0.224688
0.857546
0.371295
0.097646
0.152109
0.576039
0.638774
2.254467
0.532668
0.657299
0.112821
0.373868
0.229750
0.832182
0.217481
0.168916
0.320857
0.445140
0.289161
0.651507
0.139944
1.483661
0.829311
0.535646
0.041946
0.276175
0.820071
0.725073
1.169749
1.554759
0.265210
0.476481
0.280378
0.095814
0.105671
0.207442
0.064503
0.541785
0.849633
0.579592
0.808110
0.179553
0.155679
0.586842
1.509641
0.384047
0.002972
0.014179
0.254997
0.668839
0.061849
0.177982
0.799116
2.939418
0.292000
0.643400
0.511492
0.016377
0.280161
0.105121
0.202145
1.028715
0.800240
0.029322
0.056373
0.903509
0.076253
0.266903
0.219663
0.035733
0.022166
0.104791
0.356793
1.899556
0.712009
0.194007
0.796826
0.223790
0.506868
0.271848
2.078648
0.304097
1.139189
0.717479
1.297510
0.652268
1.430231
0.363627
0.795426
0.678484
0.525149
0.581786
0.537151
0.350348
1.600143
0.701159
0.557593
0.038814
0.497245
0.134785
0.169471
0.399170
0.552694
0.201762
0.221194
0.528734
0.448699
0.361424
0.076678
0.327300
0.743774
0.549989
0.550840
1.299714
0.899029
0.807716
0.021620
0.257848
0.802901
0.118534
1.713109
0.107146
1.479078
0.170582
1.289797
1.319771
0.286067
1.536192
0.121854
1.323841
0.336586
0.405520
0.087783
0.643165
0.220063
0.769475
1.124468
0.647880
0.005753
2.130494
1.765226
0.720887
0.334068
0.577738
1.500783
0.430720
1.057406
0.638886
0.384065
1.897667
0.367484
0.651591
0.038322
0.445424
0.026692
0.852491
0.000413
0.030083
0.082460
0.105230
0.496605
0.308353
0.221164
2.878340
1.677826
0.744668
1.133949
1.199226
0.196887
1.156226
0.191932
0.578446
0.309908
0.120931
1.049952
1.736710
0.263507
1.482801
0.297528
0.750152
3.829137
1.035104
0.040094
0.399493
0.330464
0.243630
1.185490
0.407149
0.841011
0.705368
0.512315
0.040364
0.782532
1.553950
0.132288
0.720513
0.467835
0.291906
0.867543
2.587809
0.015332
1.593199
0.338291
1.256398
0.134415
0.882606
0.073516
0.286220
2.452463
0.748233
1.074433
0.433025
0.445958
0.474954
1.038443
0.899248
0.150769
0.406629
0.546657
0.593109
1.829914
1.281702
0.113665
0.330259
0.080766
0.018602
0.054260
0.141452
1.016935
0.770195
1.119194
0.238269
0.118317
2.505397
1.224190
2.053352
0.013276
0.353562
0.703200
0.932462
1.706488
0.540127
0.346917
0.003737
1.140260
2.818337
1.664466
0.759853
0.293491
0.191324
1.044220
1.917997
2.258943
0.135176
0.616229
0.503814
0.390328
1.107278
1.921834
0.902735
0.843495
0.821217
0.742025
0.538648
0.199435
1.058227
0.088763
0.722757
0.342559
0.574627
0.717954
0.456301
2.674700
0.191363
0.008570
2.174790
0.261784
0.228081
0.375970
0.632650
2.993840
0.860563
0.268237
0.535533
0.416815
0.487429
0.378428
0.128425
0.352329
0.344963
0.156830
1.188477
0.312391
0.114988
0.585709
1.304324
1.061677
0.681077
0.919230
0.286752
0.107787
0.206069
0.300852
0.229111
0.441464
0.112967
0.097694
0.203924
0.153148
1.132584
0.539862
0.154812
0.392522
1.438546
0.603282
0.565071
0.347522
0.152568
0.687337
0.056202
1.079867
0.041472
0.960253
0.337600
0.802899
0.625837
0.096821
0.541294
0.053943
0.193229
0.336512
0.235488
0.758798
3.031119
0.308977
1.276696
0.178514
0.864899
0.299097
0.536550
0.064929
1.229555
0.163974
0.435820
0.240035
1.163260
0.628563
0.668495
0.983830
0.205963
0.042009
1.234446
0.265454
1.170930
2.196743
0.694448
0.076317
1.346842
0.702492
0.197560
0.163123
0.496097
0.090730
1.655272
0.861371
1.197573
0.338952
1.796506
0.100673
0.881763
0.205688
0.002547
0.090193
0.157553
1.008807
0.332427
0.460487
0.665585
0.218058
0.712117
0.779406
1.780094
0.489228
1.353098
2.404003
1.025419
0.382749
0.222199
0.071990
1.244611
0.097162
0.573912
0.423507
0.032118
0.168860
1.211715
0.541533
1.807560
1.669979
0.069122
0.793497
0.030516
0.384535
0.408095
2.200520
0.633257
0.147505
0.498984
0.516451
0.153645
0.312107
1.469720
2.791890
1.049989
0.046673
1.654205
0.429336
1.257274
0.136172
0.111859
1.660072
0.235344
0.030807
0.486672
3.264587
1.263383
0.353274
3.480672
1.115048
1.291904
0.727132
0.351053
1.652964
0.445246
1.909515
0.562372
1.684454
0.453931
0.389590
0.621873
0.267201
0.113267
0.622980
1.332492
0.227794
1.401847
1.082948
1.046264
0.375456
4.682887
1.095387
0.600036
0.084340
0.597018
0.010140
1.627444
0.287367
0.321588
0.560331
0.710242
0.611810
0.464410
0.704265
1.314773
0.413678
0.485314
1.163791
0.002388
0.122640
0.275161
0.168503
1.584422
0.112296
0.079914
0.267088
0.497406
1.206142
3.806480
1.336764
0.657043
0.026829
0.045897
0.697371
1.199901
0.216008
2.436601
0.559558
0.596945
0.674775
0.054508
0.130758
1.926317
0.217709
0.060877
0.232318
0.906613
0.213435
0.165521
0.227168
0.458316
0.936384
0.250997
1.447312
2.607370
1.208245
0.054668
0.265304
1.820560
1.373208
0.100106
0.408659
0.316726
0.963357
0.020391
0.265323
0.969789
1.525453
0.029032
0.621313
0.762636
1.444040
0.386858
2.529632
0.153952
0.085330
0.097520
0.618547
0.091427
0.217042
0.152972
0.039817
2.296214
0.285499
2.327272
0.899208
0.173716
1.887424
0.006577
2.798872
0.022957
0.204477
0.562007
0.006454
1.012861
0.061917
1.189119
0.025015
0.525777
0.164507
0.238526
0.472006
0.324958
0.348283
0.741770
0.152049
0.140198
0.807282
0.246642
1.891676
0.388881
0.449746
0.016410
0.014610
0.077471
0.687754
0.764584
2.128475
0.396522
0.860912
0.294692
0.053864
0.381533
0.846581
1.141548
2.125349
1.249375
0.580460
0.559525
0.486738
0.454534
0.798680
0.600131
1.362230
0.418580
0.445968
1.248984
0.788123
0.520300
0.580191
1.146861
0.654443
0.209970
0.259991
0.649509
0.032853
0.428196
1.557333
0.184907
0.411087
0.841626
1.817905
0.834139
0.688132
0.339036
0.402580
0.718952
0.308387
1.075563
0.005757
0.974387
0.948484
0.256142
0.010552
0.288911
0.622730
1.082350
1.430129
0.163734
0.059690
0.089393
3.159982
0.725808
0.096169
0.821558
2.244135
0.654541
0.185298
2.296331
0.844073
0.141468
1.017356
0.491072
0.597392
0.318760
0.243452
0.381836
0.523178
0.433203
1.408330
0.053972
0.155317
1.940871
0.655292
0.672773
0.695504
0.195332
0.351398
0.165137
0.115398
3.190284
0.953296
1.479170
0.001025
0.853292
0.256972
0.482284
0.787293
0.022178
0.324269
0.565041
1.452136
0.503941
0.267480
0.648016
0.613296
0.242003
0.555931
0.226194
0.007950
0.260481
0.063277
0.473942
0.486813
1.429351
0.964569
0.968667
3.199161
0.215213
0.326471
0.183462
0.075689
0.506855
0.501245
0.097262
1.790605
2.687903
0.049525
0.002223
0.044652
0.921034
1.339851
0.047920
0.006302
0.540452
0.283173
0.013241
0.006187
0.166211
0.156297
0.245051
0.559992
0.202666
0.186160
0.165669
1.526264
0.190810
0.567296
0.421846
0.281804
0.365510
0.011284
0.143238
0.715426
1.003333
0.172461
0.135959
1.652837
0.072028
1.108845
1.472912
0.110722
1.252726
0.113810
0.030845
0.236039
0.295461
0.623334
0.409032
1.104073
0.765050
0.088843
0.158275
0.959744
0.086257
2.134916
1.168283
0.173776
0.235920
0.203364
0.384750
0.200109
0.022956
0.203029
0.151664
0.301466
0.423935
1.451768
0.754253
0.669036
1.399298
0.342041
0.388703
0.196258
1.241202
1.468955
1.692039
0.650078
0.084599
0.052509
1.118030
1.516819
0.531903
1.774757
1.869254
0.983837
0.324030
0.426604
0.303580
0.352985
0.446154
0.012081
0.095350
0.128759
0.585614
1.436874
0.869889
0.113348
0.428334
0.690895
0.101673
0.058130
0.662794
0.187908
0.725059
0.131733
1.356099
0.259481
0.391471
0.558903
1.522230
1.737009
1.304094
0.807553
0.050188
0.144736
0.535410
2.945770
0.906613
0.148944
0.308037
2.297734
0.496132
1.429870
1.366326
1.065532
0.690402
0.767302
0.293067
0.089814
2.077149
0.023222
0.221147
0.666154
2.345321
0.165154
0.198555
1.318289
0.277276
0.361034
0.312117
0.035503
1.990973
0.837505
0.004795
0.071535
0.101886
0.322189
1.547145
0.106276
0.181209
0.261211
0.500338
1.619479
0.542745
1.637144
0.546509
0.396097
1.436080
0.608644
0.451019
0.502855
0.307638
0.397302
0.053937
0.160780
1.007776
0.100373
0.163455
0.125048
0.315560
0.035381
0.312761
0.658578
0.793187
1.414012
0.063773
0.722629
0.152983
0.293438
0.599179
1.273909
0.777356
2.953883
0.012678
0.265951
0.458237
0.025814
0.037656
0.319848
0.573349
0.101935
0.049526
0.268767
0.947062
0.586192
4.022171
0.650393
1.547615
0.595498
0.458988
0.375953
0.051922
0.045499
0.751894
1.372155
0.013462
0.139109
0.277693
0.262864
1.257866
0.203621
0.255914
0.468033
2.108406
0.244209
0.703020
0.034874
0.395254
1.834153
0.171598
0.308542
0.743214
0.583558
0.600667
0.656533
0.787584
0.272711
0.303399
0.354094
0.517195
0.585915
1.449839
0.352737
0.417529
1.251386
2.480133
0.194778
0.917650
0.199152
0.945974
0.027502
0.495255
0.590744
0.841828
1.742498
1.109647
0.579604
0.481259
0.009320
0.563114
0.578234
0.948633
0.126560
0.621837
0.037072
0.905983
1.206642
0.403099
0.814622
0.759940
0.253280
0.064669
0.993166
0.309211
0.123195
0.408637
1.252586
2.158223
0.586460
2.451248
0.133325
0.471914
0.005889
0.186571
1.464402
0.042861
0.743792
0.498690
3.071744
3.535616
0.092146
0.212738
3.330717
0.280276
0.139324
1.699488
0.672210
0.257878
0.565812
0.390306
0.428723
0.562267
0.130244
0.669256
2.173395
0.627610
1.084168
0.232423
0.117558
0.004522
2.786169
0.088738
0.334642
0.744386
0.928561
0.673877
0.405327
1.180929
0.408829
1.262557
0.038877
0.896120
0.071654
0.343214
0.410120
0.140614
0.417149
1.341623
0.025961
0.150899
2.599665
0.418443
0.345704
1.706458
1.046880
0.133408
0.637714
0.139261
1.046404
0.569034
1.121688
0.046992
1.841823
0.182784
1.326965
0.407873
1.537815
0.075031
0.038706
0.442158
1.866181
0.438253
0.495743
0.125549
0.545143
0.390062
1.531942
0.945517
0.454743
0.112903
0.110440
2.484340
0.660952
0.178400
1.166121
0.170451
0.423588
1.467903
0.076404
0.076052
0.037811
0.115168
0.328478
0.271660
0.230072
0.009985
0.467397
0.412618
0.945104
0.252775
0.609231
0.262944
0.978842
0.133936
0.470450
0.413133
0.429697
0.540705
0.537718
0.266214
1.216518
2.118139
0.573109
0.706452
0.900247
0.269766
0.628040
0.434697
0.463741
0.350772
0.537901
0.172251
0.193049
0.156341
0.631824
0.197032
1.061896
1.649936
0.998185
0.278541
2.000832
0.295418
0.314115
0.633190
0.756562
0.367966
1.081427
1.344632
0.238371
0.178065
0.354598
0.839541
0.775687
0.135193
0.344515
1.624945
2.251552
0.648837
1.060264
1.281948
0.175894
0.047706
0.661569
0.339942
0.868331
0.243380
0.398366
1.156244
0.068520
0.366787
0.116438
0.533919
0.923754
3.050122
0.980184
0.109045
0.402141
0.546909
0.710816
0.844750
2.536349
1.995626
0.163731
0.120702
2.455333
0.122482
2.414370
0.089354
0.615550
0.097389
0.100547
0.284351
1.105048
0.848084
0.267163
0.103210
0.310901
0.133940
0.187533
0.480946
0.469591
1.791248
0.065833
0.532835
0.582382
0.107834
0.312964
0.103845
1.568664
0.299980
0.046935
0.451284
0.527083
1.527648
0.888795
0.161592
1.672862
0.003549
0.836264
0.030151
1.199136
0.146985
1.117167
1.175223
1.033302
0.081692
0.357906
0.077494
0.887659
3.588426
0.517770
0.738816
0.769849
0.107791
0.325051
0.300361
0.972152
0.370989
0.321258
0.557398
0.161419
0.047265
0.190268
0.014748
0.774923
0.427144
0.671164
0.587130
0.039000
1.181466
1.195987
0.005331
0.393711
1.078344
0.375834
1.375214
0.831678
0.756464
1.653387
1.056579
0.615577
0.033920
0.424202
0.816986
0.518404
0.615189
0.300851
1.288041
0.197133
0.714260
0.401826
0.112725
0.013483
0.097419
0.237986
0.447545
0.018991
0.048648
1.114154
2.746671
0.394722
0.444135
0.646135
0.071321
0.541570
0.784639
2.021097
0.721340
0.551069
0.369488
1.699880
0.518681
0.454513
0.926389
0.403209
0.048735
0.627254
1.407015
0.322662
0.070784
0.078209
1.657601
0.082432
0.743329
0.064103
0.502738
1.694902
0.187032
0.257085
0.661571
0.596459
0.575454
0.348347
0.029228
0.633114
0.226816
0.678090
0.403236
0.218974
3.829038
0.271651
2.479477
0.454673
0.534522
0.219226
0.133653
0.857271
0.425577
0.615918
0.141133
0.499297
0.752467
0.998276
0.768778
0.373852
0.809176
0.635950
0.454263
0.696546
0.256063
0.045675
0.111983
2.521113
1.562546
1.228262
0.209992
1.277805
1.090985
0.545415
0.252665
0.079086
4.279611
4.693026
1.332247
0.413102
0.915603
1.689422
0.546602
0.093574
2.618686
0.540130
1.027638
0.681951
0.046877
0.433885
0.008433
0.216377
2.280620
0.823134
0.583801
0.083183
0.809163
0.650998
0.710240
0.816078
1.840752
0.415138
0.660927
0.528160
0.622454
0.796169
0.145747
0.040004
0.086571
0.030554
0.566925
0.254800
1.074833
0.123632
0.113914
1.404889
0.065765
0.304661
0.819941
0.579016
0.217255
0.101273
0.603499
0.199625
1.357000
0.215379
1.893162
0.015401
0.660777
0.232232
0.450534
0.401533
1.159212
0.143422
1.022110
0.024248
0.708844
1.214792
0.392758
1.323689
0.306718
0.306928
1.692110
3.252008
1.089745
0.182463
1.997503
0.318482
1.415686
0.271901
0.171809
0.208609
0.821938
2.723180
0.515169
0.079373
0.808002
1.601776
1.064741
0.001287
0.261966
1.048924
0.845926
3.879316
1.599220
1.120412
0.818810
0.335245
0.024942
1.023210
0.427531
1.401738
0.098917
1.362200
0.725802
1.520871
0.845771
0.401083
0.508000
0.072476
0.194399
0.598871
0.137024
0.310749
0.721364
0.632271
1.569869
0.397429
0.564647
0.383538
0.984188
0.687854
2.034761
0.106782
0.095237
0.242192
0.670444
0.712299
0.157573
0.221657
0.633443
0.214929
1.239914
0.078901
1.068273
0.116263
0.876727
1.066611
2.010478
1.626493
0.017354
0.757309
1.688827
1.029623
0.423827
0.971172
0.233942
1.137484
0.365015
2.476031
0.019801
0.611786
0.097440
1.017119
2.466409
0.474041
1.288642
0.185701
0.019983
1.138019
0.369989
0.061449
0.781933
1.619634
0.061255
0.660549
0.298981
0.030359
0.053228
0.032484
0.256409
0.257600
0.539704
0.678672
1.330022
1.357683
0.131386
0.691543
1.464961
0.201292
0.646690
3.112236
0.704328
0.846328
0.260544
3.426606
1.246372
0.272811
0.251472
0.003367
0.459300
1.446769
1.075702
0.111751
0.193653
0.123078
0.210429
0.158458
0.126220
0.563919
1.719404
1.349825
0.679762
0.266058
1.672819
0.165915
0.027615
0.170347
1.092667
0.844375
0.260558
0.173758
0.709841
0.501517
1.106243
0.413216
0.060976
0.051141
0.183777
0.519017
0.878059
0.568552
0.006876
2.139717
0.428951
0.544093
0.149417
0.195234
0.168718
0.652790
1.675353
0.214678
0.300960
0.237274
0.020661
0.007390
1.062995
2.656595
0.030320
0.056022
0.421233
0.253913
0.198242
1.426916
0.150160
0.151558
1.655372
0.683194
0.810948
0.772596
0.018289
2.669836
0.020430
0.180602
0.451340
1.272456
2.089374
0.006216
0.104265
0.011274
0.103239
1.715389
0.061956
0.542297
0.151702
0.005561
0.229672
0.209771
0.547829
1.448743
0.528651
0.533414
0.228928
0.138868
0.456793
0.350583
1.623936
0.163476
0.018179
0.037138
0.267042
0.172904
0.353968
1.485724
0.911802
0.629935
1.248407
1.478797
0.046998
0.817888
0.098376
0.370247
0.345562
0.221832
0.031777
0.151232
0.857794
2.207883
1.682222
0.016201
0.590078
0.148123
0.515051
0.533866
0.124038
0.064427
0.458317
0.037835
1.287447
1.536709
0.010478
1.129638
1.277114
0.028389
0.619284
0.450892
0.134846
1.195700
0.584788
1.171194
1.914620
2.451783
0.760582
1.443766
0.045885
0.288636
0.450836
0.502512
0.320731
1.188738
0.611136
1.312407
0.409725
1.990361
0.307886
3.494031
0.584819
0.331501
0.678468
0.078636
0.812815
0.641123
1.145014
0.055099
0.380688
0.617727
0.043931
1.006661
1.614702
0.687877
1.011225
2.023028
0.424440
0.502069
1.533673
0.790563
0.226745
0.623116
1.020891
1.301341
0.097318
0.127999
0.814121
0.881098
0.915348
0.470334
0.338854
2.260623
0.205816
0.236561
0.017581
0.061770
0.687077
0.760762
0.172945
0.943188
0.130799
0.325618
0.708854
1.051454
0.422095
1.156490
0.447130
0.763265
1.254966
0.578984
0.578717
1.891328
0.024233
0.013244
0.025953
0.260693
0.539948
0.673419
0.800644
0.012030
1.449388
0.189837
2.396935
0.297075
1.304045
0.872977
0.016226
0.502298
0.350274
3.512863
0.184755
0.351785
0.134009
0.003290
0.541135
0.677457
0.124182
1.272068
0.175823
1.939206
0.783317
2.484627
0.403233
1.275799
0.650609
0.878612
0.369971
0.501323
0.222092
0.287685
1.818321
0.057074
1.249340
0.970336
0.123717
0.394180
1.262527
0.497659
0.496217
0.490515
0.132052
3.275599
0.965782
0.235391
0.298665
0.860823
1.428788
0.561290
0.236159
0.311126
0.550767
1.522160
0.852001
0.178916
0.014185
0.749920
0.213904
1.464820
0.122424
3.919233
1.129281
0.203587
0.011084
1.203219
0.081979
0.115465
0.339567
0.132609
0.069729
0.557721
0.744501
1.077019
0.041749
0.036859
0.447520
0.947545
0.163117
0.633561
0.081992
1.602444
1.447486
1.928099
0.344946
0.060361
1.190835
0.407608
0.301002
0.390280
0.864540
0.911542
0.400681
0.216982
0.114467
0.038004
2.293134
2.393804
0.048753
0.629277
2.532134
0.600441
2.470296
0.109911
0.889428
1.288439
0.085192
0.160005
2.051823
0.185821
0.670936
1.699394
0.869693
1.038129
0.248720
1.325872
0.104195
0.357526
0.470187
0.851984
0.024277
0.054724
0.321342
0.118433
1.682975
0.410468
0.622829
0.388760
1.372611
1.818682
1.614177
0.059227
0.660737
1.050287
1.746788
0.568599
0.444307
0.135652
0.005737
0.017061
0.228567
0.891837
0.360217
0.546420
0.221581
2.536141
1.771083
0.214586
0.339496
0.077954
0.352106
0.193407
0.907839
0.262497
0.810602
0.018836
0.858759
0.709982
0.240148
1.031954
1.397527
1.653487
0.830028
0.404770
0.615319
1.004945
0.265611
1.504114
1.081452
0.829692
0.996079
0.036784
1.173645
0.414209
0.811905
0.736298
0.385589
0.931614
1.364948
3.634536
0.012363
1.724857
1.044363
0.633831
1.005576
0.299654
0.362850
0.029018
1.845698
1.152684
0.508587
0.663820
1.215671
0.127224
0.591219
0.898797
0.611889
2.632356
0.207296
0.796180
1.057010
0.346921
1.972372
0.371749
0.110854
0.130759
0.349599
3.037484
1.724883
1.609044
0.761732
0.489881
0.719722
0.650517
2.166549
0.349375
0.348107
0.914526
1.139961
0.941138
0.121703
0.702777
0.219181
0.224306
0.206481
0.006202
0.089159
0.779904
1.112466
0.079113
2.052245
0.438926
1.067755
0.029688
0.058315
1.179461
0.071048
0.026714
0.750167
0.031367
0.375231
1.181716
0.084762
1.294388
1.686506
2.583915
0.666604
1.205589
0.121408
0.597523
1.457806
1.404484
0.131778
1.235108
0.355308
0.502893
1.117051
0.772369
0.276144
1.356390
1.869236
1.157184
0.035756
0.010703
0.599768
0.073306
0.063807
1.434702
0.034120
0.231091
0.254684
1.887376
2.052654
1.074615
0.429562
0.087287
2.323231
0.177044
0.717420
1.055074
0.498926
1.517048
1.956838
0.319035
0.865061
0.069413
0.394612
0.780690
0.224900
0.327023
0.997428
0.165923
1.788728
0.106284
0.176594
0.667059
0.183020
1.282625
0.311121
0.095269
0.774023
0.390343
0.684541
0.083099
0.038132
0.245022
0.506749
0.155388
0.163424
1.266200
0.193990
0.298344
1.435167
4.316213
1.035626
0.106007
1.012806
0.066349
1.124922
0.226085
0.173248
0.388754
0.107374
0.769453
1.212635
0.768389
1.117659
0.123105
0.222741
1.271515
0.276714
0.961891
0.585723
0.113215
0.175119
1.797295
1.625451
0.634371
0.011252
0.011845
1.943487
1.121917
0.837828
0.210362
1.675401
0.053110
0.815396
0.815760
0.323775
1.172575
0.147123
2.293228
1.891059
0.289860
0.280104
1.108950
0.294111
0.621622
0.822350
2.033376
0.981657
0.225938
0.305068
0.054601
1.141902
1.303651
0.176653
0.447079
0.297396
0.232696
0.020789
0.632215
2.103849
0.131317
0.982246
1.038025
0.536705
1.318961
0.385309
0.679492
0.049310
0.116006
0.619069
1.292595
0.449913
1.898366
0.476511
0.369508
1.071505
1.773683
1.618769
0.754162
0.169405
0.258529
0.570739
0.025798
0.248471
1.085704
0.202403
0.731271
0.253559
0.100199
0.283956
0.271172
0.227907
0.260346
1.755888
0.598560
0.481317
0.214737
0.239528
1.124223
0.284546
0.112972
0.342875
0.783212
1.978031
1.252717
0.478077
0.129161
1.520519
0.028260
0.611997
2.491179
0.266854
0.518025
0.255170
0.375926
0.080638
0.672895
0.846090
0.096861
0.007324
0.193427
0.306218
0.399095
0.872250
0.514244
0.023254
0.013447
0.410357
0.129143
1.155926
0.959223
1.141301
0.671539
0.164522
1.099516
0.239048
0.126190
0.027769
0.346443
2.170483
0.806796
0.755136
0.334622
0.401080
1.682574
4.786778
0.284125
0.620497
0.467133
0.158978
0.501290
0.065195
1.113299
0.363001
0.743547
1.060778
0.187926
2.065281
3.036997
0.464951
0.052476
0.714200
0.794357
0.172282
1.053419
0.231817
0.210840
0.062412
0.675428
0.987410
0.829613
0.255169
0.246979
0.038800
0.135122
0.205516
0.163942
0.030141
0.356703
0.006989
0.489805
0.001916
0.336508
0.071275
0.123672
0.835391
0.052777
1.061252
0.798542
0.716748
0.529673
0.896533
0.174204
0.364781
0.012619
0.002966
0.376134
0.671587
2.356418
1.278037
0.038401
1.745460
0.352694
0.374583
0.121364
0.067231
0.420952
0.550311
1.338215
0.764707
0.149069
0.634145
1.203426
0.198961
0.242174
0.208675
2.506531
0.111400
0.700629
0.314234
0.903267
0.485595
0.172950
1.374700
0.539169
0.015544
0.172658
0.129357
0.272097
0.124387
0.725422
0.656425
0.343583
0.208427
0.705920
0.329582
1.022645
1.396323
0.890052
1.959244
0.251032
1.333300
0.364259
1.365960
0.672567
0.236388
0.230216
1.361509
0.462217
0.115957
0.607407
0.106796
0.044193
0.210975
1.044245
0.163393
1.393866
0.028766
0.287793
0.003000
0.815249
0.668427
1.074046
1.183466
1.668507
0.385714
0.319690
0.656552
0.465810
0.150603
0.396627
0.347822
1.538146
0.059051
0.908349
0.856911
1.717118
0.588235
0.855290
0.091955
1.448005
0.037334
0.655606
0.083688
0.182220
0.814385
0.338767
0.811148
0.174015
0.070527
0.298185
0.493289
1.161725
1.408942
0.332829
2.001297
0.579873
0.142537
0.490324
0.797319
1.007755
0.089086
2.516252
0.569925
0.003441
0.235284
1.249458
0.039168
0.261581
0.794169
0.095419
0.885937
0.623141
0.218795
1.163839
0.053025
0.150395
1.011932
0.644966
0.170872
0.348974
1.320090
0.133065
0.046629
0.483117
0.159631
0.803190
0.196286
0.146887
0.665962
2.246384
0.556350
2.371626
3.344878
0.974827
0.597449
0.325840
0.057507
0.525956
0.138310
0.585824
0.397851
0.569637
0.600127
0.574727
1.837246
0.565056
0.087524
1.510351
0.947203
0.320901
0.410588
0.578260
0.348028
0.775332
4.389460
0.037623
1.746680
3.226700
1.391341
0.435708
0.761892
0.440018
0.327006
0.118916
0.157059
0.454039
0.232064
0.163283
0.657390
0.232555
1.249947
0.064536
0.180210
0.386660
0.168735
1.269764
0.474364
0.044565
0.159715
0.839600
0.258715
0.249070
0.165677
0.008796
0.994021
0.275736
0.195794
0.077853
0.492788
0.939652
2.057243
1.888425
0.012178
0.479585
0.464906
0.557764
0.389216
1.837596
0.630863
0.400807
2.303197
0.510704
0.005707
0.690399
2.348452
0.741197
0.155966
1.275259
0.025489
1.314427
0.101414
1.288017
0.137618
0.110774
0.202898
0.490790
0.824947
0.502825
0.051523
2.057405
1.276573
0.319685
0.026859
0.368575
2.309290
2.153709
0.129451
0.153663
2.635498
0.289356
0.833608
1.851019
1.223338
1.141935
0.663918
1.154292
0.187725
1.641277
0.167710
0.092084
1.027752
3.329959
0.996097
0.683145
0.065234
0.526018
0.137664
0.544714
0.369058
0.105801
0.549703
1.097345
0.878168
0.105729
1.927899
1.881570
0.310981
2.665019
0.147937
0.357894
1.287020
0.062895
0.350991
0.006900
0.166400
0.308101
1.257125
0.687156
0.069777
1.114544
0.996036
0.256398
0.133211
0.929260
1.941604
0.173250
0.280303
0.282862
2.387173
0.036612
0.013137
0.140583
0.434459
2.364337
0.026199
1.118371
0.521730
1.546485
2.325008
0.885883
0.201289
1.688688
0.008354
3.092814
0.373276
0.220270
1.501973
0.483058
0.341145
0.254940
0.380363
0.199696
0.510786
0.400860
0.214551
0.004091
0.115035
1.063510
0.863154
1.801347
0.113059
1.827394
1.527897
0.301636
2.163041
2.886668
1.307853
0.569800
1.433916
0.117350
0.099698
0.104640
0.830638
2.255723
0.151243
0.103018
1.516390
1.473579
0.095233
0.023800
0.228243
0.223194
0.005211
0.109950
1.261900
0.046118
0.426412
0.882396
0.876432
0.259151
0.100447
0.388692
0.312412
0.415847
0.242089
0.451301
2.565089
0.005608
0.182897
1.323705
0.484470
1.072469
0.057722
3.216737
0.001758
1.079954
0.197145
0.870642
1.143303
0.928281
2.167874
0.176160
1.338003
0.673038
0.141768
0.172301
0.066464
1.629634
0.280729
0.298234
0.091074
1.137505
0.568706
0.160307
1.110102
0.538124
1.101427
0.856577
0.395144
0.308443
1.563267
0.139848
0.075022
1.369841
0.814020
1.820489
0.660300
5.054473
0.395200
0.045857
0.767547
0.202961
0.348366
0.321615
0.276552
0.508875
0.639020
0.051325
1.566007
0.299008
0.935607
0.297883
0.088988
0.279588
0.178670
0.253818
0.772180
0.794388
0.148811
0.855272
0.670044
0.123972
0.607351
0.041044
0.756431
0.216218
0.623064
1.943286
0.857716
0.571833
0.590575
0.199339
0.442468
0.039285
0.475264
2.413558
0.489486
0.954210
1.631098
0.584182
0.097352
3.232043
0.497780
0.391017
0.045294
0.899204
1.313648
0.531631
0.143293
0.857575
0.147102
0.298406
0.191028
0.523919
0.734204
0.572041
0.126405
0.187267
0.173605
0.499956
2.320879
0.746239
1.373373
0.066212
0.017513
0.550609
0.182589
0.283034
0.919071
0.068923
1.475142
0.372462
0.630665
0.030361
0.044908
0.783061
0.026989
0.708734
0.261155
0.249893
2.178949
1.392024
0.256514
0.340231
0.244339
0.089406
2.146407
0.736596
0.877413
0.386134
0.163737
0.697485
0.197309
1.712975
2.029829
2.408718
0.169311
0.245756
1.388251
0.437957
0.571977
0.875947
0.165378
0.435016
0.061055
0.021933
2.417477
0.896280
0.680776
0.160456
0.244954
1.764703
3.568824
0.720116
1.798804
0.351430
1.299569
0.911277
0.175122
1.783024
0.009936
0.218734
0.476141
1.947248
0.303760
0.081134
0.897375
0.776093
0.089409
0.817833
0.343783
0.382637
1.977137
1.250022
2.647618
0.847720
0.342026
0.327383
0.106975
0.049274
0.501848
0.121840
0.610852
0.166894
0.489059
1.598367
0.438275
1.809387
0.250632
0.101322
0.860062
0.398049
0.773204
0.605099
0.400554
0.316011
0.172007
3.323720
0.159109
0.432799
1.560463
1.186094
2.838457
0.683649
0.234383
1.417674
0.047664
1.997305
0.415598
0.801961
1.571437
0.512155
1.201915
1.276963
0.497971
1.694788
0.199751
0.119562
0.861924
1.216785
0.371447
0.021474
0.392617
0.178747
0.052238
0.126427
0.645289
0.334049
1.115230
0.173825
0.648113
0.218711
0.233674
0.113605
0.948451
0.231587
0.777277
0.816442
0.565465
0.759606
0.801764
0.071705
1.036611
0.511403
1.179391
0.082295
0.041466
0.728035
0.256958
2.938740
0.255943
0.419988
0.295271
0.572838
0.167327
2.259561
0.223992
1.763591
2.933190
0.288982
1.188113
1.587233
0.025393
2.473671
0.338819
0.289749
1.138588
0.128261
0.019388
2.413494
0.012453
0.711028
0.588987
0.381737
1.224783
1.186038
0.017223
0.673823
1.368893
0.344986
0.093074
0.597684
0.011634
0.338821
0.484206
0.169258
0.616394
1.230937
0.447123
0.547072
0.146900
0.005890
0.446919
0.201891
0.698433
0.074212
0.421711
0.508455
1.071858
0.037408
1.540159
0.116982
1.752981
1.169136
1.546949
1.817711
0.060481
0.314327
0.628319
0.281613
0.755708
1.429812
0.159283
0.267564
1.434682
0.280752
0.059585
0.961831
0.242926
0.612872
0.047658
0.582748
1.177185
0.411592
0.316876
1.027723
0.521301
0.451002
0.134102
0.795088
1.236189
0.000236
0.258205
0.738114
0.113774
1.368584
0.101016
0.195703
0.428028
0.103976
1.652001
0.494290
0.345521
0.660333
0.963154
0.550048
0.727501
0.800865
0.401082
0.230074
0.093779
0.760778
0.332392
2.146148
0.224478
1.068276
0.406060
0.118004
0.346371
0.691580
0.783232
0.298876
0.179253
0.118824
0.628831
0.797280
1.619254
0.470964
0.281161
1.122152
0.705745
0.904131
0.046644
1.213426
0.349911
0.777495
0.053158
0.000155
0.021357
0.054607
0.063959
1.382632
0.556447
0.044415
4.716828
0.394391
0.801876
0.759978
0.307406
1.222850
2.387389
0.369072
0.306229
0.384629
1.247456
0.488251
0.074974
0.007223
0.757412
0.112290
1.018940
0.640920
0.165985
0.049425
0.775408
0.122240
2.766946
0.504700
0.277267
1.141306
0.673038
0.752396
1.088910
0.421486
0.031405
0.121536
3.318571
0.684640
0.016867
0.112074
0.078963
0.207482
0.743315
1.834684
0.593635
0.483896
1.786706
0.098214
1.602817
0.720663
0.188397
1.021850
0.134591
0.627446
0.431480
0.079550
1.937315
0.152353
0.318551
0.708978
0.220411
0.069671
0.250023
0.331000
1.151205
0.551280
1.787996
0.105034
1.228083
2.978614
2.859267
0.249040
0.074096
1.010875
0.405928
0.715164
0.072030
2.328396
0.352182
2.357658
0.005405
0.243569
0.443553
0.322365
0.164403
2.748631
0.556052
1.932498
0.512289
1.079897
0.718742
0.103781
0.838741
0.963785
0.883245
0.473179
0.034905
1.240855
2.422259
0.048344
0.030483
0.395866
0.934825
0.417684
1.193674
1.485064
0.633655
0.670528
0.722931
0.324650
0.159343
1.688154
0.210339
1.226303
0.511004
0.941307
1.084029
1.502628
1.275579
0.277830
1.258456
1.423642
0.718930
0.154870
2.943792
1.122795
0.339385
0.252690
1.179705
0.754444
0.328351
1.661495
3.221738
0.794437
1.246699
0.635501
0.254640
1.121593
0.843344
1.489917
0.299323
1.954230
0.830830
0.971711
1.293760
0.425046
1.279007
1.551441
2.476240
0.640365
0.044600
0.193400
0.153820
0.106025
0.333074
0.620134
3.200602
0.060100
2.207198
0.554279
1.130260
1.231906
0.305460
0.849287
0.953731
0.279324
1.809816
1.495621
0.007739
1.349584
0.342398
2.209330
0.042165
1.295298
0.501637
0.226517
0.473616
1.258095
0.391420
0.425779
1.507730
1.285370
0.174085
0.501486
0.358692
0.149113
0.157433
0.082985
0.128115
0.383330
0.204097
0.904220
0.068174
0.191857
2.283350
0.591717
0.142260
1.205072
0.011940
0.254989
0.104386
0.371130
0.440628
1.735049
0.479024
1.606318
2.219395
0.032009
0.078439
1.164276
0.243810
0.435704
0.744551
0.390126
1.410943
0.018913
0.213137
0.044704
0.210179
2.988025
0.020382
0.549463
0.172393
0.946318
0.125308
0.953237
0.513173
2.304340
0.057847
0.518921
1.688488
0.515194
0.388326
1.799763
1.235610
1.065260
0.364889
0.277967
0.231900
2.547166
0.056590
0.101606
0.700717
1.504439
2.703393
0.657030
1.377807
0.316512
0.507100
1.025167
0.134490
0.848221
0.386929
0.032576
0.308113
0.945445
1.125204
0.807930
0.899450
0.323431
0.259832
0.355944
0.403734
0.276341
1.516956
0.844074
0.115008
0.099730
0.454775
0.709341
0.828758
0.390023
0.603285
0.650640
0.243863
1.145751
0.295815
0.098608
0.109633
0.731468
0.450125
1.304892
1.466246
0.185409
1.060080
0.803387
0.578862
3.798276
0.130398
0.381303
0.369224
0.220090
0.671583
1.354815
0.457489
0.059131
0.213333
0.889699
0.430527
0.032693
0.204268
0.528832
0.272037
0.161447
0.336059
0.082252
1.525357
0.271361
0.443119
0.515182
0.417347
1.783067
0.117404
0.476837
0.118620
0.043923
0.853389
0.284973
0.943602
0.468709
0.026351
0.058725
0.018935
0.599823
0.363128
0.241363
0.249911
0.395753
1.401565
1.555304
1.215819
0.958955
0.089813
0.325404
1.206772
0.159050
0.904434
0.080577
1.180798
0.209169
0.208892
2.339620
0.081894
1.610203
0.244593
0.229605
0.109193
0.041551
0.333323
0.411413
0.262839
0.004860
1.552009
1.293755
0.694403
0.102649
0.113738
0.464799
0.131979
0.231395
0.173253
1.027146
0.772427
0.162760
2.070460
0.648196
1.103102
0.778516
0.435815
0.444054
0.390065
0.049491
1.996750
0.295662
0.040000
0.076848
0.338644
0.878319
0.485028
0.281256
1.655623
0.049654
0.218678
1.507078
0.442543
0.438472
0.058445
0.636072
0.911904
1.276046
0.084296
0.592970
1.184675
1.558763
0.068460
0.109280
1.654244
0.337217
0.385813
0.924776
0.172351
0.110982
0.574370
0.672625
1.914613
0.074861
0.725736
0.092957
0.612269
0.721952
0.377406
0.351230
0.373925
1.210515
1.326254
0.419900
0.954168
0.400702
0.406652
0.682039
0.655981
0.427745
0.455208
1.385074
0.282473
0.690224
0.106488
2.662371
0.031151
1.061216
0.127469
0.753055
0.003167
0.277120
0.029447
0.383568
0.675600
0.012220
0.558116
0.359610
1.441769
0.351998
0.019517
0.192243
1.455157
0.465978
0.346606
0.263706
0.238221
0.104949
0.584462
0.105549
0.106650
0.110292
0.189300
1.572012
0.154778
0.021802
2.094287
0.470904
2.454213
1.084563
0.444007
0.391145
0.000345
0.381360
0.190793
0.333507
1.367552
0.675426
1.997148
1.024828
1.343056
0.080590
0.504000
1.210277
1.050281
1.197086
0.391603
0.096854
0.515363
0.587041
1.005921
0.320545
1.594180
1.465268
0.965950
0.955570
3.203370
0.066890
0.301393
0.408251
0.383573
0.789479
0.404820
0.330827
0.020014
0.034364
0.468570
0.272669
0.183881
0.013830
0.056139
0.138553
0.451229
0.183959
0.430912
0.946102
0.055011
0.692862
0.989162
1.644879
3.589337
0.144818
0.031141
0.732249
0.549330
1.653157
0.633232
1.209102
0.007786
0.444601
0.154846
0.140207
0.052362
2.038694
0.347860
1.116265
1.041032
1.155285
0.252068
1.022127
0.424333
1.908883
0.798910
1.596722
2.146160
0.309536
0.308898
0.002009
1.251528
0.672890
0.125748
0.681782
2.003832
1.819436
3.296642
0.287591
0.201921
0.002239
0.108366
0.208193
0.689987
0.004409
1.854246
0.731267
1.364010
0.234379
0.518867
1.717105
0.081393
0.056836
0.113462
0.158825
0.137369
0.022208
0.119437
0.405849
0.270594
0.414248
0.487976
0.860117
0.604981
2.474608
2.027781
1.603205
0.516557
0.195105
0.421295
0.473575
0.505029
1.965746
0.776944
1.924730
0.114499
0.715020
0.215625
0.012887
0.002993
0.324260
0.142407
0.277474
0.030278
0.020934
0.199226
0.904146
0.460754
0.896018
1.731826
0.484260
0.619358
0.155815
0.302965
0.966187
1.079308
0.109199
0.150862
0.433528
0.416147
0.666904
1.408487
0.198365
0.069952
0.064595
0.262016
0.323185
0.091113
1.247604
0.312797
0.200783
0.233443
1.505358
0.694259
1.160348
0.093111
0.128239
0.365269
0.436429
0.102790
0.153522
0.057883
0.052842
0.117018
0.195709
0.251133
0.644522
4.729229
0.596431
0.456362
0.341818
0.080494
0.754988
0.423964
0.753472
0.351411
0.167071
0.283993
0.114007
0.218806
2.131251
0.152601
0.637844
1.821036
0.360421
0.271963
0.079563
0.099570
1.843646
0.444924
0.274670
0.030879
0.865019
0.100822
0.483728
0.983260
1.135482
1.370089
0.208363
0.118763
0.088571
0.267693
0.292613
0.153096
0.090708
0.376021
0.381872
0.099932
1.201562
0.065124
0.344422
0.341333
0.350497
0.674358
0.508335
0.645267
0.922207
0.068516
2.355779
0.518598
0.982674
0.155808
0.448346
1.033699
0.267529
0.570556
1.441459
0.526182
0.519692
0.840715
1.782113
0.211260
2.564515
0.944293
0.349709
0.130855
0.210372
0.365507
0.857664
0.362270
0.038614
0.059604
1.961678
0.057999
1.631838
1.716139
0.660640
0.754080
1.344969
1.265168
0.873759
0.981552
1.790115
0.193557
0.369200
0.977339
0.805443
0.358845
4.140273
0.033261
0.145743
0.111785
0.289819
1.951689
3.331278
1.031660
0.382083
1.854375
0.282911
0.539087
0.884340
0.300745
0.860145
1.735521
0.302045
1.042117
0.051788
1.666445
0.441786
0.308979
2.223760
0.067867
0.507165
2.166219
0.331751
0.213488
0.428494
0.765108
0.214253
2.015926
1.730045
1.073847
0.524988
0.385834
0.188812
0.302823
0.438809
0.281804
0.513152
0.008148
1.149702
0.996319
1.081749
0.072959
0.222840
0.177501
0.582522
2.300823
0.310013
1.260199
0.027812
0.778008
0.344549
0.305141
0.758746
1.303123
1.897528
0.367911
0.498064
0.429103
0.038320
0.569748
0.949926
1.764692
0.167203
0.570261
1.111174
0.156226
0.228918
0.377856
0.798127
1.317854
0.242075
0.650029
2.281921
2.119407
1.221949
0.372853
0.843414
0.459905
0.506047
0.311408
3.418633
0.971081
0.549180
0.022227
0.273288
1.377200
0.066594
1.510487
0.407481
0.062625
0.445655
1.104408
0.035883
0.477110
0.818623
0.400984
0.244106
0.654325
0.549997
0.088661
1.561769
1.347437
0.534507
1.765670
0.672626
0.023846
1.990024
0.768931
0.115006
0.015440
0.975695
0.335603
0.099496
0.776505
0.566916
1.222336
0.645233
0.419035
0.278116
3.359554
2.117903
0.046342
3.332100
1.000115
0.203404
1.070241
0.734304
0.692944
1.436836
0.251741
1.187817
0.585832
0.332330
2.507958
0.055063
0.620167
1.295085
0.045237
1.375113
0.523925
0.563965
0.260803
1.022136
0.108620
0.464775
0.320780
0.555323
0.161792
0.546629
0.009961
0.687346
0.622681
0.108854
0.266034
0.407754
1.260515
3.348021
0.627232
1.074275
0.323760
1.638333
2.052532
3.492980
0.673424
0.061316
0.170097
0.176495
0.658437
0.298816
0.397541
1.014488
0.070728
0.020781
0.186090
0.727210
0.192155
1.842200
0.527014
0.557421
0.499485
0.044447
0.709743
0.618057
0.865293
0.284326
1.536684
0.385829
1.026532
0.001040
0.609284
1.859721
0.137736
0.001393
0.011839
0.318865
1.213582
0.172445
0.752873
1.129598
0.195319
1.556870
0.618482
0.375712
0.334054
0.131342
1.258668
1.189744
0.163055
0.041378
0.111586
0.349504
0.312764
1.932854
1.010904
0.129274
1.562341
2.268564
2.242093
0.484910
0.725165
1.663679
0.141270
4.203790
0.237728
0.301282
0.194274
0.853622
0.920395
0.181852
0.171911
3.672882
1.149061
0.219175
1.171479
0.850501
0.393788
1.979308
0.934587
0.229907
1.697181
0.312108
1.069366
0.471546
0.370413
0.157883
0.504425
0.528006
0.265412
0.185270
0.543195
0.385413
0.549672
1.003242
1.864133
0.503050
0.643051
0.069576
0.158507
0.346827
0.551499
0.165897
0.521910
0.957954
0.881103
1.343724
0.647214
0.977032
0.715329
0.077803
0.707403
0.793148
0.243654
1.111370
0.320682
1.354425
1.469091
0.383354
1.111050
0.198040
0.147777
1.351880
0.062538
0.802459
0.944926
0.474620
0.206960
0.023912
0.350560
0.359364
0.436892
0.159991
0.235235
0.185102
0.108024
0.287433
1.450811
1.443869
0.544065
0.790890
0.660418
0.610598
0.420290
0.784278
0.327979
0.263014
0.180517
0.351014
0.955213
0.027240
1.053696
1.123907
0.800364
0.754088
0.102620
0.303262
0.108730
0.486127
0.414678
0.356527
2.882813
0.377336
1.407111
0.268406
0.162220
0.341791
0.357497
0.499725
0.066154
0.710256
2.388106
0.083605
1.170730
0.334682
0.082966
1.032665
2.422438
0.905520
1.129166
1.302307
1.200620
0.440202
0.461717
0.059770
0.982096
1.657216
2.156442
2.067019
0.430755
0.985279
0.338846
1.326223
0.146459
0.044305
0.153314
0.230273
0.137767
0.481600
0.950936
0.525067
1.726297
0.118094
0.007141
0.257310
0.828943
0.142740
0.016973
0.239166
1.592569
0.234997
0.131056
0.248034
0.497381
1.108384
0.770329
1.405753
0.416641
0.166297
0.151297
0.037458
0.651764
0.277973
0.308519
0.338151
0.031598
0.352200
0.119750
0.117086
1.581944
0.139588
0.827266
0.432672
0.296035
2.469562
0.507158
1.781974
0.171850
0.549238
0.193439
1.128399
0.045722
0.192017
2.046788
0.536063
0.436212
0.285004
2.636780
2.525540
0.473855
0.468471
0.099648
0.387456
0.144978
0.575715
0.332076
1.448666
0.781185
1.137650
0.837855
0.195252
0.463349
0.290944
0.412344
0.057409
1.375192
2.366482
2.000042
0.119756
0.038076
0.447723
1.346846
0.658610
0.721932
0.030438
0.024771
1.912749
0.454162
0.429596
0.440490
0.392647
0.364367
0.076665
0.234726
0.183082
0.078034
0.392875
0.764203
1.655686
0.982770
1.114488
0.256302
0.697933
0.104621
0.262742
0.261157
0.619017
2.981280
0.025383
0.153291
0.437262
0.899994
1.284901
0.176341
0.002363
1.907467
0.082276
0.389176
0.203547
0.105587
0.842728
0.491860
0.328629
0.294465
1.658654
1.402705
0.037704
1.284514
0.124919
0.182467
0.458013
0.680745
0.552639
0.081163
2.743094
1.001645
0.664270
2.530120
4.260831
0.622728
0.399940
0.714062
0.946288
0.022066
0.841012
0.456776
0.640901
0.099462
0.031889
0.540576
0.251238
1.151933
2.441002
0.594207
1.781938
0.208086
0.300150
0.283591
0.318383
0.024150
0.390083
0.480436
2.532225
0.324969
0.204255
2.303194
0.987414
0.047845
0.210407
0.242385
1.039226
0.243282
1.796982
0.858418
1.410833
1.314068
0.782623
0.529139
1.682433
0.155415
0.593572
0.517995
0.235779
0.567233
0.179179
0.746785
0.109917
0.888589
0.698125
2.260145
0.702125
0.864956
0.651614
1.053462
0.769621
2.344578
1.512442
1.012028
0.036394
0.055689
1.073392
1.613686
0.145506
1.277998
0.003450
0.388454
0.197556
1.647699
0.083601
0.328213
1.298722
0.642911
1.349894
0.518693
0.069091
0.268273
0.699950
0.441364
3.800640
0.577373
0.397200
0.643702
0.330118
0.295342
0.242922
0.355689
2.252891
0.322560
1.292412
0.366577
0.391450
1.789337
0.821640
0.280967
0.106413
1.714857
0.263347
1.034391
1.514371
0.326356
0.315190
0.058441
0.975669
0.098913
0.725312
0.025841
0.106800
0.924052
0.215050
0.028984
0.095592
0.192042
2.877184
0.165717
0.119925
0.155420
0.326169
0.260928
0.630281
0.431509
0.597508
0.925987
0.690233
0.022502
0.106296
0.754643
0.503592
0.167269
1.600201
0.646237
0.520247
0.504529
1.723267
0.865806
0.922811
0.825298
0.573049
0.438585
0.606576
1.644169
0.582680
0.078689
0.249712
1.059495
0.189868
0.161103
0.138166
0.977234
0.979796
1.543695
0.701699
1.226951
0.183967
0.719328
0.468372
0.820002
1.655838
0.116509
2.367801
0.692789
0.086805
0.412062
0.779023
2.199221
1.146222
0.710281
1.031870
0.200663
1.598330
0.133328
0.657205
0.049460
1.368822
0.063339
1.247357
0.835551
0.513894
0.251663
0.784410
0.550648
0.711853
0.265252
0.111570
0.485218
0.842829
0.132673
1.044649
0.670083
0.000472
0.050140
0.543200
1.781307
0.034450
1.407140
0.730660
0.534235
0.430815
0.585654
2.655948
0.012470
0.307926
0.058643
0.046577
0.136451
0.596568
0.602331
0.150664
0.775486
2.017384
0.466613
0.299283
1.365431
1.690728
0.472366
0.076078
1.396034
0.544042
0.136205
1.716008
0.071662
0.249634
1.617857
0.678804
0.593138
0.539684
0.600392
0.608851
0.405568
0.990027
0.404883
1.077480
0.532520
0.623138
0.253616
0.219880
1.273923
1.230996
3.101322
0.024144
1.423616
0.882750
0.470823
2.012129
1.201639
0.917244
0.884152
0.768535
2.176911
0.603679
0.400591
0.195773
0.544369
0.053003
0.785016
0.204926
0.801920
1.022523
0.289691
1.743799
0.336236
0.098652
2.489483
0.274148
0.365577
0.059320
0.611043
2.586463
0.399007
0.350681
0.592126
1.031624
0.671187
0.990231
0.100130
1.316576
3.912138
0.012651
0.720792
0.038589
0.406839
0.297207
1.195946
0.276784
1.136468
0.839272
2.268387
0.905620
0.682034
0.168783
0.156306
0.345139
1.040106
0.862873
0.228954
0.123350
0.776012
1.018435
0.655184
0.051041
0.674209
0.592106
0.550179
0.195519
0.484716
0.418398
0.551169
0.083789
2.469635
0.274836
0.877825
0.331651
0.177708
0.070513
0.419418
0.083106
1.013400
3.365290
0.203034
0.505427
0.252091
0.014044
0.649254
0.800509
0.339537
0.395035
0.487416
0.416894
0.452091
0.207486
0.938468
1.081744
0.602305
0.049240
0.091282
0.339433
0.088270
0.217821
1.338319
0.067585
0.295320
0.348343
0.786427
1.935116
0.960290
0.724033
0.717771
0.357739
0.212126
0.787450
0.340730
0.010983
0.790377
0.539761
0.053258
0.362395
0.079434
1.033776
1.695398
2.176228
0.433779
0.362550
0.364875
0.018230
0.230668
1.048002
0.466392
0.379425
1.050074
0.135598
0.146681
0.330430
0.233722
1.870301
2.144634
0.555526
0.373164
0.110610
2.851480
0.246773
0.735039
0.615905
0.022304
0.518834
0.243636
0.468022
1.937188
0.943697
1.054849
0.977013
0.338360
0.848755
0.475544
1.179493
1.065912
0.381269
0.244671
1.491118
0.298348
0.293292
0.196542
2.012580
1.267557
0.069336
0.117512
0.265817
0.628287
5.498155
0.449748
0.340310
0.549688
0.187084
0.521692
0.559079
1.741102
0.377911
0.341152
2.243501
0.005933
1.351528
0.593192
0.578417
0.266130
1.105197
1.502545
1.438249
0.694707
0.172555
0.402290
0.136054
0.587126
0.895072
0.247541
1.580951
0.447730
1.025953
0.523886
1.501978
1.382468
0.714931
0.192009
0.051185
1.359316
0.275554
0.745674
0.659208
0.173506
1.040910
0.123273
1.209334
0.040934
0.308706
1.407232
0.673959
0.254168
0.029638
0.414292
2.863691
0.960644
0.133449
0.575093
1.158680
0.799022
0.482943
0.899007
0.256567
0.120662
0.771234
0.529240
0.913672
1.203962
0.992504
0.392574
0.194177
2.670272
0.316019
1.931392
0.304115
0.873926
0.319580
0.789935
0.760673
0.811946
0.030753
0.590152
1.784913
0.511422
0.340379
0.070646
0.001564
0.001601
0.138105
0.080849
0.326926
0.502246
0.358386
0.403147
0.653281
0.507231
0.222600
0.456679
0.140771
0.752284
3.433339
0.731576
0.056617
1.932781
0.123105
0.177902
0.236911
1.340666
1.651311
0.035350
0.645784
0.004437
0.832477
0.008817
1.703638
0.408654
0.148948
0.330355
0.113175
0.290099
0.673772
0.080152
1.168567
0.669842
0.290097
0.384342
0.896338
0.126573
0.486583
0.442173
1.492579
0.060257
0.169473
0.642474
0.105745
0.200099
0.191667
1.370891
0.313569
0.516953
0.593756
0.154332
0.022906
0.072762
0.370610
1.378607
1.170456
0.492715
0.182708
0.040527
0.129575
1.101486
0.765187
0.395231
0.541794
0.219237
0.972647
1.599740
1.084188
0.539814
0.244883
0.189149
0.551965
0.280012
0.568767
0.942545
0.373199
0.551114
0.639372
1.679375
1.052359
0.534222
0.020354
0.453867
0.160284
0.072892
0.405818
0.699230
1.878377
0.476909
0.561467
0.987060
0.415333
0.795714
0.149694
0.985298
0.738184
0.706541
0.649784
1.463322
0.005286
1.170605
0.771250
0.341914
1.143984
0.492480
0.224089
0.584138
1.022258
0.573076
0.421335
0.335023
0.351546
0.039735
0.043645
0.305585
0.909249
0.430916
0.444635
0.026921
2.556157
0.148469
0.271387
1.710892
0.249171
1.938557
0.922601
0.200263
0.846936
0.119657
1.542786
0.621615
0.806839
1.444776
0.328489
0.079295
0.819450
0.387181
0.386159
1.186887
0.177049
0.136176
0.633621
0.678917
0.440537
0.075713
0.358876
1.410281
0.980650
0.148719
0.797644
0.596330
1.984961
0.309804
0.632984
0.542836
1.169731
0.623865
0.189685
0.340696
0.665382
0.217154
0.123815
2.260464
1.072854
0.166801
0.296017
0.138923
3.965393
0.240495
0.085779
1.265365
0.729893
0.010456
0.237879
0.110334
0.606584
0.655545
0.555963
0.091907
0.748523
0.157962
0.685065
1.110465
0.884078
0.648986
0.135767
0.751285
0.147933
2.179876
1.552173
0.082182
0.611169
1.706046
0.219767
0.001836
0.710627
0.881638
1.467420
0.252942
0.542371
0.362581
0.266936
0.101366
1.490357
0.653761
0.121778
0.432818
0.338790
0.068691
0.408778
0.090908
0.144915
2.001761
1.379089
1.173082
0.950392
0.248259
0.309241
0.842947
0.776913
1.291531
0.979453
0.542688
0.721942
1.212347
0.394861
0.212666
0.534824
1.673917
0.696540
0.189116
0.764937
1.129791
0.759467
1.085542
0.037463
0.993770
2.011098
1.379912
0.852525
0.042235
0.763068
0.041432
3.344472
0.026156
0.306092
1.339561
0.129622
0.139378
0.145367
1.170565
0.724273
0.031035
0.663157
0.664885
0.691230
1.459444
0.796164
0.477015
0.690824
0.545365
0.191941
2.495974
0.192505
0.079934
0.275174
0.136036
1.647821
0.507055
0.341950
0.305781
1.735110
0.292485
0.403126
0.448991
0.900819
0.125122
0.044057
0.849075
0.279049
0.588698
0.022103
0.117018
0.153166
1.228827
0.658764
0.441063
0.179640
0.043030
0.667937
0.125750
0.422670
0.610730
1.555753
0.000718
0.033270
0.677994
0.053590
0.855298
0.360238
1.554292
1.101393
0.816395
1.202866
0.289949
0.075623
0.344904
0.266620
0.638874
0.157934
2.646619
3.489291
0.837471
0.726664
0.627340
0.255444
0.242950
0.492074
0.122761
0.129371
1.696495
0.585131
0.750536
0.820612
0.591169
0.400601
1.102808
2.265938
0.070685
0.401243
0.557917
0.508564
0.434034
0.940705
0.768166
1.149540
0.595052
0.149314
2.823036
0.862130
1.384604
0.266708
2.067986
0.088142
0.088356
0.036906
0.567537
0.307477
1.579504
0.078193
1.576778
0.041960
0.277960
0.402853
1.206152
0.429009
0.094847
0.530718
0.084223
0.630093
1.878975
0.059393
0.391489
0.496856
0.062733
0.307970
2.049175
0.129060
0.600319
0.484197
0.732908
1.250302
0.496222
1.011889
1.834518
0.974642
0.440768
0.164029
1.072031
0.149612
0.044922
0.227085
0.009701
0.408092
0.416569
0.769879
0.163611
1.501188
0.252381
0.062157
1.208584
0.529496
0.753895
0.130849
0.128945
0.167872
0.383413
0.204010
1.040287
0.116540
0.570426
1.937549
0.278553
1.007319
1.859616
1.042253
0.969506
0.183796
0.699980
0.040993
0.179089
0.791165
0.389197
0.003139
0.024039
0.810207
0.643956
1.134406
0.405311
0.928392
1.875590
0.110940
0.317012
1.349443
0.992290
0.579787
1.261077
2.659507
0.572163
0.229295
0.488148
0.238039
0.243091
0.522266
0.044731
0.039553
0.323811
0.085216
0.490927
0.224759
0.866786
0.040070
2.815271
0.289447
0.300134
1.022414
2.605071
0.471574
1.000510
0.048996
0.367299
0.444308
1.230587
0.372808
0.398982
0.426912
0.504169
0.059807
0.496061
0.334526
0.156967
0.677386
0.026786
0.108045
2.959447
0.304239
1.129139
2.491029
1.358925
1.110592
0.068951
1.346080
0.193014
3.565417
0.012519
0.783496
0.399126
0.215951
0.291722
0.886460
0.060827
0.957051
0.219055
0.388158
2.088533
4.487894
1.231700
1.251533
0.324981
0.674397
1.011393
0.188693
0.867014
0.134821
0.772493
2.231508
2.185187
1.328354
0.150179
0.694753
0.183778
0.374110
0.921560
0.108929
0.785216
0.439483
1.244645
0.636205
1.351741
2.038617
1.130774
0.870286
0.073825
0.145471
0.045500
0.593238
0.171177
0.268325
0.347319
0.131738
0.241835
0.229219
1.494265
0.181434
0.088997
2.073160
0.107455
1.859881
0.303284
0.636190
0.627250
1.624244
0.519547
0.066277
0.398527
0.289679
0.521953
0.544140
2.613445
0.513052
0.235396
0.508941
0.272735
0.112729
0.073916
0.756264
0.115217
0.176164
0.252177
0.383615
1.655520
0.214142
0.692670
0.685459
1.415773
0.717013
1.854248
0.409117
0.040671
0.575198
0.000178
1.996195
0.247572
0.486744
0.721220
0.083741
0.315536
0.319513
2.151192
0.113984
1.187848
0.776636
0.912042
1.154412
0.469842
2.248145
0.555205
0.304060
0.040097
0.087563
0.480955
0.811971
0.068548
0.044156
0.920873
0.052546
0.007875
0.632198
2.702238
0.666364
2.277818
0.183780
0.885459
0.565585
0.364467
0.610453
0.831490
0.119139
0.782874
1.298732
0.040319
0.020826
1.799316
0.765170
0.420993
0.024929
0.854122
1.113492
0.337429
0.728564
1.018648
0.027143
0.520680
0.142593
0.665460
0.231980
0.088479
0.600850
0.142928
0.629506
0.455730
1.001735
0.205317
1.454439
0.566856
1.178090
0.792159
0.099616
0.183414
0.286935
0.406259
0.299863
1.017408
0.877392
0.007948
1.779777
0.922499
0.592385
1.288698
0.010189
0.553708
0.977209
1.579743
0.244048
2.111137
0.686732
3.003969
0.560934
1.634341
0.602361
0.490948
1.380613
0.822321
0.562809
0.484531
0.447221
0.295757
0.367312
0.795528
0.072764
1.207210
1.152601
0.161773
0.847802
0.646802
0.619923
0.043039
3.553223
0.175189
1.453520
3.126276
1.093097
0.331031
0.037051
0.036721
1.004942
1.457930
1.496840
0.971701
0.227713
1.460765
0.606576
0.838522
0.076412
1.334497
0.299398
0.440222
0.915203
0.380561
0.855508
1.581050
1.921036
0.018751
0.968178
2.781923
1.403728
0.769222
0.141936
0.059063
0.637252
0.960200
0.662513
0.018657
0.148156
1.345712
0.043957
0.355831
0.219897
0.383376
1.771811
1.542254
0.420941
0.050471
0.163131
0.021836
0.371555
1.279079
0.405463
0.137144
0.148842
0.068187
0.830684
0.314532
1.790142
0.798345
0.527957
0.570944
0.005317
0.229028
0.311687
0.019853
3.307914
0.387712
0.322435
0.781575
1.201136
0.434991
0.873784
0.953102
0.081860
0.926020
1.006247
1.471738
0.164489
0.293449
0.395044
0.853207
1.047139
0.041802
0.069162
0.260905
2.079200
1.150373
0.313812
0.060763
0.256036
0.408929
0.125379
0.594544
0.533459
0.154920
2.379912
0.278137
0.636777
0.611840
0.369650
3.791158
0.746886
0.332579
0.590400
0.333152
0.231641
0.308601
1.260227
0.105626
0.541306
0.247736
1.383445
0.069690
0.467737
0.301788
0.353498
1.198734
0.755646
0.062122
2.485989
1.787227
0.043231
0.117675
0.607432
2.287157
0.141849
0.049976
0.350098
0.150295
0.348539
0.307109
0.619981
0.133875
0.365655
1.889373
0.186122
0.945080
0.328873
0.662109
0.005686
1.123321
0.833365
0.237442
1.012434
0.218006
1.773790
0.161317
1.007763
0.027760
1.031414
0.085398
0.784393
0.036946
0.734800
0.482142
0.466920
0.670425
0.179381
0.799634
0.375436
0.037902
2.703715
1.988921
0.032150
0.489689
0.740340
0.148242
0.691493
0.123126
0.168269
0.013358
0.693045
2.891040
0.363648
0.321072
0.284043
0.114822
0.272791
0.817231
0.698211
0.273872
0.422653
1.408176
0.123983
1.752819
0.903206
0.467825
1.844850
1.369852
0.146108
0.681051
0.371308
1.247248
0.081324
0.508783
0.031438
0.973144
0.170785
0.562487
0.842654
1.194676
0.381845
0.285421
1.683640
1.714674
0.359388
1.564286
1.709851
0.219529
1.348034
0.009219
0.414029
0.038277
0.585640
1.106686
0.830008
0.561002
0.023268
0.129064
2.134548
0.758020
0.432538
0.008114
0.556855
1.293295
0.179158
0.531167
0.499657
0.722460
0.627650
1.233633
2.436799
0.851457
0.869033
0.467453
0.284355
0.895590
0.167396
0.196013
0.745619
1.566296
0.126407
0.250772
0.057398
0.163513
1.913562
0.054813
0.978557
1.045255
0.208868
0.313669
0.106365
0.615188
0.191202
0.054312
0.526449
0.133661
0.043477
0.544198
0.031030
4.068720
0.569450
0.616973
0.454170
0.376800
0.627763
0.083532
0.868654
1.368943
0.490631
0.959139
0.980750
0.759975
0.209315
0.944171
0.234330
1.138935
0.246533
0.498656
0.491034
0.664305
0.082514
0.047077
1.634115
0.261651
2.876738
0.718305
0.325952
0.601230
0.854553
4.953932
1.421488
1.569634
5.237813
0.955985
0.490893
0.178346
1.437192
0.204256
0.374709
0.746179
0.132901
0.083841
0.889511
0.403082
0.904224
0.995433
2.819876
0.300388
0.089170
0.264059
2.372043
0.125666
0.936817
0.416491
1.117040
1.376470
0.482757
0.580430
0.271740
0.072098
0.072767
0.195479
0.194434
2.128133
0.031782
1.275859
0.044607
2.979490
0.808129
0.254449
0.681951
0.931198
1.240873
0.110593
1.790096
0.969458
1.772398
0.051366
1.925918
1.057811
0.135685
1.018342
0.863381
0.400763
0.797036
0.214031
0.122911
0.364044
1.341366
0.143421
0.191240
0.437477
0.668019
1.804461
0.660109
0.231667
0.274263
0.790823
1.814725
1.889105
0.596932
0.231776
1.311763
0.151992
1.590296
0.231854
0.107388
0.018227
0.401294
0.301667
0.885963
1.383996
0.390996
1.925632
3.735673
0.310579
0.133942
0.049681
0.212763
0.286304
3.335986
0.254842
0.118372
2.076902
0.642928
0.726689
1.162718
0.438546
1.051192
0.664865
0.064225
0.005778
1.022525
0.011386
1.039267
0.322665
1.719921
0.031641
0.035628
1.676271
0.156766
1.020435
0.150107
0.595326
0.154918
0.530731
0.911575
0.586937
1.383661
0.264008
0.551381
0.690335
1.789828
0.757503
0.016383
0.455634
0.009195
0.269771
1.633061
0.311233
0.371058
1.796888
0.852162
0.080761
3.034682
0.750166
1.470001
1.222746
3.530734
0.127415
0.050957
0.014808
0.490846
0.000168
0.985930
0.101343
1.095852
0.253589
0.452457
0.044428
0.113234
0.000631
0.634346
0.026427
0.086706
0.344351
2.363682
0.519727
0.611468
0.257376
0.004793
0.015920
0.529681
2.834463
0.708414
0.228330
0.316664
2.232289
0.167835
1.620546
0.392121
0.896344
0.488519
0.035406
0.096993
1.157949
0.685658
0.722554
1.934705
1.337830
0.353219
2.034850
0.478017
0.639041
0.113410
0.843183
0.201844
0.043455
0.532266
0.052085
1.932391
2.622114
0.974291
0.119628
0.468113
0.328342
1.531630
1.008849
0.247193
1.365249
0.132317
0.251626
0.020661
0.195032
0.944616
0.056200
0.245028
1.169038
0.072812
1.937802
0.174584
1.006795
0.314011
0.418076
0.272990
0.552628
0.414083
0.398879
0.522214
0.083156
0.639453
0.207353
0.438010
0.333422
0.071755
0.284284
0.687410
0.007380
0.133576
1.745791
0.394218
0.021177
0.920939
0.810056
0.638171
0.028337
4.966913
0.019075
0.740790
0.419870
1.291163
0.528456
0.421622
0.876175
0.056383
0.906250
1.696567
0.389864
0.474272
0.392984
0.347749
0.690384
0.590896
0.897817
0.717239
0.075418
1.016171
0.552419
0.117811
1.913627
0.169556
0.950985
0.294624
0.909678
0.712479
0.076183
0.633987
0.728066
0.475249
1.924816
0.026927
0.756583
0.071890
0.475348
0.119633
1.382087
0.303517
0.273847
0.143737
0.625216
0.168456
0.684117
0.542978
0.080554
0.118964
0.090337
0.031695
0.813822
0.514968
0.696604
0.611923
1.226309
0.801135
1.986044
0.792578
0.934349
0.569180
0.085693
0.572552
0.198683
0.378439
0.641473
0.126945
0.278460
1.117705
1.380455
0.985014
0.130675
0.321691
1.361356
1.350632
0.757313
1.628091
1.611680
1.096182
1.829804
0.379806
1.481430
0.118977
0.617642
0.687678
0.459284
0.220084
0.719942
0.492660
0.587200
0.982990
0.487200
0.460841
0.978895
1.435978
0.986625
1.296448
0.864660
2.818945
0.200838
0.104563
0.128829
0.836331
0.069144
0.041091
1.665211
0.576296
0.039706
0.482528
0.436888
0.017139
0.474635
0.233216
0.918089
0.456056
1.291533
0.260446
0.697873
1.342135
2.021566
0.187682
3.513368
0.050058
2.397557
0.886957
0.238945
1.109429
0.074744
1.011989
0.103008
0.310154
0.121502
0.949378
2.602899
0.077461
4.148827
0.153332
0.187931
0.703460
0.029482
0.282826
1.462175
0.331673
0.317901
0.660588
0.858154
0.989270
0.441454
0.803424
0.282760
1.057368
0.013512
0.499733
0.096569
