0.014429
0.188016
0.144297
0.029446
0.068406
0.059691
0.105438
0.155459
0.009856
0.002876
0.180646
0.056699
0.143666
0.000211
0.058949
0.127848
0.025976
0.290536
0.231696
0.003107
0.002578
0.077960
0.279933
0.047998
0.024411
0.054838
0.002947
0.025063
0.057605
0.068481
0.026538
0.026249
0.024690
0.061545
0.034218
0.002172
0.181756
0.081295
0.102804
0.020568
0.489866
0.196573
0.012885
0.040451
0.127828
0.124199
0.275578
0.054837
0.177217
0.110959
0.036150
0.088571
0.214114
0.187209
0.070377
0.088917
0.003514
0.027805
0.159654
0.053497
0.018996
0.079584
0.121416
0.112235
0.046953
0.057797
0.071014
0.150707
0.073593
0.049965
0.067274
0.003002
0.004446
0.121531
0.408565
0.089939
0.050021
0.018675
0.069763
0.402165
0.147195
0.077570
0.196818
0.026419
0.072108
0.304634
0.086226
0.061458
0.031372
0.079406
0.314926
0.000573
0.153088
0.171750
0.217313
0.134901
0.165621
0.073122
0.082407
0.055528
0.005776
0.204030
0.084397
0.022294
0.070263
0.066344
0.044128
0.042477
0.077323
0.097681
0.094792
0.061276
0.002837
0.026085
0.019506
0.087818
0.197335
0.160166
0.159503
0.169520
0.029477
0.184355
0.111814
0.008690
0.001683
0.001467
0.140889
0.028709
0.011596
0.098030
0.042224
0.007205
0.017391
0.074946
0.018410
0.031871
0.124337
0.060642
0.038861
0.064202
0.002392
0.048867
0.054631
0.020830
0.011514
0.230077
0.071359
0.023457
0.093051
0.169849
0.002104
0.001803
0.015836
0.126882
0.017462
0.121944
0.113375
0.078680
0.024923
0.371295
0.159855
0.072691
0.025257
0.104556
0.050236
0.085766
0.038750
0.099682
0.006058
0.035469
0.343900
0.208372
0.036584
0.195556
0.037159
0.280162
0.136196
0.053815
0.029083
0.000852
0.210964
0.003865
0.171155
0.327548
0.084462
0.018816
0.202330
0.364105
0.121747
0.071105
0.047477
0.042607
0.023037
0.112133
0.056731
0.021582
0.011029
0.109649
0.035108
0.069275
0.039355
0.205277
0.229937
0.001826
0.022421
0.039711
0.434664
0.152648
0.041415
0.023956
0.112225
0.181832
0.269101
0.042137
0.214041
0.116190
0.066262
0.423417
0.026741
0.129268
0.008848
0.018596
0.241898
0.023949
0.142344
0.091681
0.183968
0.045904
0.041595
0.034420
0.202057
0.092630
0.308582
0.218272
0.014543
0.080111
0.011012
0.003992
0.007601
0.201117
0.155172
0.176321
0.041688
0.095500
0.152282
0.047488
0.084579
0.025323
0.008528
0.031023
0.221428
0.083114
0.259116
0.061206
0.032460
0.154653
0.175891
0.001246
0.110991
0.009616
0.012228
0.216335
0.004085
0.027395
0.443614
0.054648
0.012280
0.018318
0.027631
0.136260
0.010851
0.241648
0.047526
0.351540
0.239935
0.034817
0.029224
0.064819
0.010550
0.105570
0.004043
0.001056
0.405034
0.035034
0.090775
0.059755
0.037583
0.006503
0.244636
0.350035
0.349980
0.011807
0.024232
0.096183
0.390967
0.078288
0.116536
0.108422
0.029987
0.078002
0.036719
0.028287
0.008487
0.032960
0.409695
0.059403
0.105558
0.103133
0.282573
0.049508
0.036641
0.039637
0.038087
0.187820
0.223961
0.036070
0.040697
0.078576
0.086509
0.090625
0.028117
0.002058
0.027940
0.007508
0.080119
0.007356
0.007810
0.100891
0.034365
0.157111
0.067976
0.198522
0.016745
0.069601
0.158466
0.008024
0.298041
0.019024
0.149704
0.419279
0.172345
0.038534
0.011303
0.072228
0.251772
0.034742
0.224204
0.015278
0.241331
0.003228
0.037990
0.233395
0.162891
0.237681
0.183708
0.137115
0.116988
0.019620
0.056676
0.017185
0.125465
0.110195
0.029114
0.006658
0.330732
0.165158
0.079689
0.077953
0.190578
0.060387
0.050370
0.041350
0.029836
0.002471
0.103970
0.053903
0.084537
0.006435
0.043842
0.014883
0.013368
0.029991
0.176571
0.050716
0.051263
0.094790
0.026596
0.000751
0.075226
0.069495
0.104651
0.057682
0.116000
0.131461
0.027230
0.068334
0.065167
0.025497
0.053145
0.082191
0.237451
0.249746
0.032189
0.103963
0.004940
0.007424
0.071681
0.209902
0.017372
0.145255
0.214566
0.037368
0.117947
0.189042
0.046460
0.120826
0.133339
0.090283
0.193987
0.226919
0.322085
0.084684
0.019392
0.028848
0.024541
0.084285
0.141779
0.005354
0.114456
0.126285
0.042768
0.072372
0.018008
0.130895
0.004156
0.397502
0.164997
0.099007
0.031133
0.244027
0.320494
0.014981
0.149503
0.184472
0.107798
0.120533
0.058889
0.258108
0.354764
0.048184
0.162309
0.056726
0.018003
0.039374
0.013505
0.239563
0.320458
0.012691
0.091799
0.052463
0.012567
0.035023
0.028531
0.138460
0.000402
0.021052
0.057763
0.002126
0.098759
0.093046
0.180383
0.023144
0.033517
0.078163
0.031914
0.088126
0.028886
0.115052
0.156586
0.165368
0.363500
0.078829
0.067493
0.193584
0.146563
0.084524
0.048330
0.033414
0.011445
0.164791
0.012564
0.137541
0.078809
0.335085
0.143157
0.363136
0.014687
0.069389
0.084998
0.037288
0.069923
0.044133
0.075161
0.000085
0.058396
0.059702
0.036355
0.050983
0.152826
0.115016
0.067786
0.104318
0.047411
0.022805
0.000388
0.032521
0.091171
0.213422
0.176856
0.071531
0.434420
0.061912
0.179935
0.052588
0.136504
0.438939
0.036433
0.018671
0.096767
0.075706
0.044538
0.000353
0.049292
0.055490
0.051962
0.197505
0.087810
0.132362
0.228189
0.138140
0.067866
0.136951
0.102264
0.104624
0.099338
0.052256
0.099226
0.100439
0.276649
0.152544
0.187254
0.145886
0.168916
0.093004
0.042994
0.030732
0.123107
0.207101
0.078580
0.016496
0.178961
0.066270
0.062943
0.004645
0.071392
0.136550
0.054922
0.043878
0.106957
0.001994
0.070758
0.292113
0.117263
0.051404
0.116767
0.092885
0.023432
0.023283
0.217178
0.031344
0.007784
0.177595
0.074065
0.045920
0.071645
0.133456
0.018459
0.105862
0.124980
0.168742
0.031438
0.094075
0.026411
0.082336
0.018918
0.155954
0.201529
0.039995
0.025144
0.331838
0.122653
0.185657
0.003101
0.229654
0.097406
0.038057
0.056522
0.143378
0.153904
0.021060
0.098320
0.018108
0.361377
0.058623
0.244352
0.130286
0.093206
0.030379
0.074780
0.014922
0.014861
0.125790
0.044799
0.139181
0.027509
0.126641
0.126754
0.036456
0.011248
0.050585
0.067799
0.010533
0.020673
0.005693
0.091009
0.219711
0.024406
0.003533
0.121714
0.168692
0.332762
0.094979
0.041922
0.181935
0.012564
0.117973
0.010008
0.051034
0.068324
0.047465
0.018464
0.026360
0.171563
0.062097
0.086734
0.023814
0.125504
0.040065
0.090046
0.240226
0.518381
0.004732
0.159673
0.194903
0.038504
0.048313
0.086810
0.251134
0.051071
0.212051
0.142114
0.016520
0.244969
0.001530
0.015686
0.109306
0.005882
0.047721
0.013924
0.062155
0.183246
0.236536
0.003611
0.006278
0.183649
0.004376
0.031964
0.012492
0.009545
0.002801
0.101477
0.136498
0.116082
0.186836
0.108772
0.049381
0.099713
0.349314
0.102611
0.027851
0.006207
0.273593
0.089281
0.043019
0.092976
0.082157
0.073850
0.006273
0.043576
0.053213
0.022235
0.212114
0.055186
0.108585
0.125018
0.135978
0.127696
0.139517
0.028979
0.374666
0.016371
0.250896
0.192805
0.191165
0.005426
0.009565
0.167695
0.063331
0.046244
0.417908
0.004094
0.075814
0.058582
0.013720
0.050284
0.122979
0.213975
0.002493
0.074341
0.009472
0.161141
0.008969
0.003479
0.048489
0.131903
0.037572
0.013927
0.158266
0.164465
0.193697
0.036204
0.055309
0.028155
0.081459
0.040064
0.041349
0.153073
0.313032
0.087741
0.011058
0.105721
0.059532
0.442540
0.127076
0.180051
0.120827
0.076705
0.227126
0.178151
0.034436
0.017083
0.046259
0.073622
0.010245
0.042370
0.085544
0.004455
0.168712
0.105302
0.037637
0.035428
0.043482
0.039347
0.138037
0.069526
0.074682
0.016106
0.245828
0.039389
0.039685
0.007133
0.388303
0.065335
0.244052
0.262579
0.349833
0.169081
0.259619
0.255476
0.161630
0.014454
0.074173
0.085709
0.489252
0.153224
0.121374
0.137298
0.044876
0.285273
0.103142
0.051513
0.062469
0.389984
0.075956
0.018368
0.016059
0.116233
0.082731
0.237307
0.020408
0.052951
0.130181
0.005140
0.010450
0.078901
0.030888
0.011310
0.030340
0.100006
0.074734
0.008175
0.007560
0.190131
0.103069
0.019039
0.197930
0.002209
0.045903
0.188144
0.123883
0.033373
0.221899
0.091150
0.200614
0.223300
0.055416
0.112578
0.078631
0.289562
0.160028
0.129396
0.168218
0.629796
0.029647
0.022485
0.137351
0.147112
0.072213
0.066763
0.051708
0.214299
0.159077
0.087851
0.004095
0.190476
0.061333
0.021043
0.035575
0.117550
0.000552
0.012788
0.036047
0.218206
0.137381
0.353330
0.078313
0.084856
0.080157
0.074576
0.078097
0.170687
0.306548
0.052476
0.099416
0.036782
0.035941
0.070586
0.088254
0.079850
0.375415
0.017790
0.101243
0.520866
0.133232
0.083450
0.045944
0.051440
0.275708
0.225695
0.110768
0.229014
0.259245
0.187304
0.048356
0.062430
0.158918
0.046622
0.138375
0.065666
0.041029
0.060908
0.012387
0.043773
0.053648
0.001833
0.018883
0.030142
0.195111
0.089057
0.033848
0.608652
0.029830
0.072111
0.134523
0.117545
0.056828
0.150057
0.066513
0.125690
0.067605
0.355766
0.125941
0.009583
0.013865
0.339665
0.026036
0.002648
0.029199
0.065352
0.304007
0.050938
0.128556
0.179795
0.009339
0.094647
0.546895
0.079761
0.076461
0.042572
0.292072
0.349329
0.010889
0.080483
0.054409
0.111366
0.012630
0.030834
0.032677
0.065337
0.157640
0.195085
0.154376
0.112951
0.009123
0.049383
0.110474
0.034849
0.070891
0.235470
0.012348
0.192330
0.011186
0.048835
0.235799
0.022464
0.073552
0.053889
0.218879
0.483643
0.034051
0.067821
0.225384
0.078701
0.024159
0.142571
0.041111
0.066548
0.000860
0.450687
0.107085
0.260116
0.346367
0.031134
0.077769
0.058027
0.142651
0.184760
0.025950
0.032098
0.122507
0.053042
0.013949
0.021730
0.082291
0.091253
0.322067
0.076095
0.093900
0.016117
0.053410
0.032821
0.118883
0.031069
0.024131
0.045837
0.063591
0.041309
0.093072
0.019992
0.211952
0.118473
0.076521
0.005992
0.039454
0.117153
0.103582
0.167107
0.222108
0.037887
0.068069
0.040054
0.013688
0.015096
0.029635
0.009215
0.077398
0.121376
0.082799
0.115444
0.025650
0.022240
0.083835
0.215663
0.054864
0.000425
0.002026
0.036428
0.095548
0.008836
0.025426
0.114159
0.419917
0.041714
0.091914
0.073070
0.002340
0.040023
0.015017
0.028878
0.146959
0.114320
0.004189
0.008053
0.129073
0.010893
0.038129
0.031380
0.005105
0.003167
0.014970
0.050970
0.271365
0.101716
0.027715
0.113832
0.031970
0.072410
0.038835
0.296950
0.043442
0.162741
0.102497
0.185359
0.093181
0.204319
0.051947
0.113632
0.096926
0.075021
0.083112
0.076736
0.050050
0.228592
0.100166
0.079656
0.005545
0.071035
0.019255
0.024210
0.057024
0.078956
0.028823
0.031599
0.075533
0.064100
0.051632
0.010954
0.046757
0.106253
0.078570
0.078691
0.185673
0.128433
0.115388
0.003089
0.036835
0.114700
0.016933
0.244730
0.015307
0.211297
0.024369
0.184257
0.188539
0.040867
0.219456
0.017408
0.189120
0.048084
0.057931
0.012540
0.091881
0.031438
0.109925
0.160638
0.092554
0.000822
0.304356
0.252175
0.102984
0.047724
0.082534
0.214398
0.061531
0.151058
0.091269
0.054866
0.271095
0.052498
0.093084
0.005475
0.063632
0.003813
0.121784
0.000059
0.004298
0.011780
0.015033
0.070944
0.044050
0.031595
0.411191
0.239689
0.106381
0.161993
0.171318
0.028127
0.165175
0.027419
0.082635
0.044273
0.017276
0.149993
0.248101
0.037644
0.211829
0.042504
0.107165
0.547020
0.147872
0.005728
0.057070
0.047209
0.034804
0.169356
0.058164
0.120144
0.100767
0.073188
0.005766
0.111790
0.221993
0.018898
0.102930
0.066834
0.041701
0.123935
0.369687
0.002190
0.227600
0.048327
0.179485
0.019202
0.126087
0.010502
0.040889
0.350352
0.106890
0.153490
0.061861
0.063708
0.067851
0.148349
0.128464
0.021538
0.058090
0.078094
0.084730
0.261416
0.183100
0.016238
0.047180
0.011538
0.002657
0.007751
0.020207
0.145276
0.110028
0.159885
0.034038
0.016902
0.357914
0.174884
0.293336
0.001897
0.050509
0.100457
0.133209
0.243784
0.077161
0.049560
0.000534
0.162894
0.402620
0.237781
0.108550
0.041927
0.027332
0.149174
0.274000
0.322706
0.019311
0.088033
0.071973
0.055761
0.158183
0.274548
0.128962
0.120499
0.117317
0.106004
0.076950
0.028491
0.151175
0.012680
0.103251
0.048937
0.082090
0.102565
0.065186
0.382100
0.027338
0.001224
0.310684
0.037398
0.032583
0.053710
0.090379
0.427691
0.122938
0.038320
0.076505
0.059545
0.069633
0.054061
0.018346
0.050333
0.049280
0.022404
0.169782
0.044627
0.016427
0.083673
0.186332
0.151668
0.097297
0.131319
0.040965
0.015398
0.029438
0.042979
0.032730
0.063066
0.016138
0.013956
0.029132
0.021878
0.161798
0.077123
0.022116
0.056075
0.205507
0.086183
0.080724
0.049646
0.021795
0.098191
0.008029
0.154267
0.005925
0.137179
0.048229
0.114700
0.089405
0.013832
0.077328
0.007706
0.027604
0.048073
0.033641
0.108400
0.433017
0.044140
0.182385
0.025502
0.123557
0.042728
0.076650
0.009276
0.175651
0.023425
0.062260
0.034291
0.166180
0.089795
0.095499
0.140547
0.029423
0.006001
0.176349
0.037922
0.167276
0.313820
0.099207
0.010902
0.192406
0.100356
0.028223
0.023303
0.070871
0.012961
0.236467
0.123053
0.171082
0.048422
0.256644
0.014382
0.125966
0.029384
0.000364
0.012885
0.022508
0.144115
0.047490
0.065784
0.095084
0.031151
0.101731
0.111344
0.254299
0.069890
0.193300
0.343429
0.146488
0.054678
0.031743
0.010284
0.177802
0.013880
0.081987
0.060501
0.004588
0.024123
0.173102
0.077362
0.258223
0.238568
0.009875
0.113357
0.004359
0.054934
0.058299
0.314360
0.090465
0.021072
0.071283
0.073779
0.021949
0.044587
0.209960
0.398841
0.149998
0.006668
0.236315
0.061334
0.179611
0.019453
0.015980
0.237153
0.033621
0.004401
0.069525
0.466370
0.180483
0.050468
0.497239
0.159293
0.184558
0.103876
0.050150
0.236138
0.063607
0.272788
0.080339
0.240636
0.064847
0.055656
0.088839
0.038172
0.016181
0.088997
0.190356
0.032542
0.200264
0.154707
0.149466
0.053637
0.668984
0.156484
0.085719
0.012049
0.085288
0.001449
0.232492
0.041052
0.045941
0.080047
0.101463
0.087401
0.066344
0.100609
0.187825
0.059097
0.069331
0.166256
0.000341
0.017520
0.039309
0.024072
0.226346
0.016042
0.011416
0.038155
0.071058
0.172306
0.543783
0.190966
0.093863
0.003833
0.006557
0.099624
0.171414
0.030858
0.348086
0.079937
0.085278
0.096396
0.007787
0.018680
0.275188
0.031101
0.008697
0.033188
0.129516
0.030491
0.023646
0.032453
0.065474
0.133769
0.035857
0.206759
0.372481
0.172606
0.007810
0.037901
0.260080
0.196173
0.014301
0.058380
0.045247
0.137622
0.002913
0.037903
0.138541
0.217922
0.004147
0.088759
0.108948
0.206291
0.055265
0.361376
0.021993
0.012190
0.013931
0.088364
0.013061
0.031006
0.021853
0.005688
0.328031
0.040786
0.332467
0.128458
0.024817
0.269632
0.000940
0.399839
0.003280
0.029211
0.080287
0.000922
0.144694
0.008845
0.169874
0.003574
0.075111
0.023501
0.034075
0.067429
0.046423
0.049755
0.105967
0.021721
0.020028
0.115326
0.035235
0.270239
0.055554
0.064249
0.002344
0.002087
0.011067
0.098251
0.109226
0.304068
0.056646
0.122987
0.042099
0.007695
0.054505
0.120940
0.163078
0.303621
0.178482
0.082923
0.079932
0.069534
0.064933
0.114097
0.085733
0.194604
0.059797
0.063710
0.178426
0.112589
0.074329
0.082884
0.163837
0.093492
0.029996
0.037142
0.092787
0.004693
0.061171
0.222476
0.026415
0.058727
0.120232
0.259701
0.119163
0.098305
0.048434
0.057511
0.102707
0.044055
0.153652
0.000822
0.139198
0.135498
0.036592
0.001507
0.041273
0.088961
0.154621
0.204304
0.023391
0.008527
0.012770
0.451426
0.103687
0.013738
0.117365
0.320591
0.093506
0.026471
0.328047
0.120582
0.020210
0.145337
0.070153
0.085342
0.045537
0.034779
0.054548
0.074740
0.061886
0.201190
0.007710
0.022188
0.277267
0.093613
0.096110
0.099358
0.027905
0.050200
0.023591
0.016485
0.455755
0.136185
0.211310
0.000146
0.121899
0.036710
0.068898
0.112470
0.003168
0.046324
0.080720
0.207448
0.071992
0.038211
0.092574
0.087614
0.034572
0.079419
0.032313
0.001136
0.037212
0.009040
0.067706
0.069545
0.204193
0.137796
0.138381
0.457023
0.030745
0.046639
0.026209
0.010813
0.072408
0.071606
0.013895
0.255801
0.383986
0.007075
0.000318
0.006379
0.131576
0.191407
0.006846
0.000900
0.077207
0.040453
0.001892
0.000884
0.023744
0.022328
0.035007
0.079999
0.028952
0.026594
0.023667
0.218038
0.027259
0.081042
0.060264
0.040258
0.052216
0.001612
0.020463
0.102204
0.143333
0.024637
0.019423
0.236120
0.010290
0.158406
0.210416
0.015817
0.178961
0.016259
0.004406
0.033720
0.042209
0.089048
0.058433
0.157725
0.109293
0.012692
0.022611
0.137106
0.012322
0.304988
0.166898
0.024825
0.033703
0.029052
0.054964
0.028587
0.003279
0.029004
0.021666
0.043067
0.060562
0.207395
0.107750
0.095577
0.199900
0.048863
0.055529
0.028037
0.177315
0.209851
0.241720
0.092868
0.012086
0.007501
0.159719
0.216688
0.075986
0.253537
0.267036
0.140548
0.046290
0.060943
0.043369
0.050426
0.063736
0.001726
0.013621
0.018394
0.083659
0.205268
0.124270
0.016193
0.061191
0.098699
0.014525
0.008304
0.094685
0.026844
0.103580
0.018819
0.193728
0.037069
0.055924
0.079843
0.217461
0.248144
0.186299
0.115365
0.007170
0.020677
0.076487
0.420824
0.129516
0.021278
0.044005
0.328248
0.070876
0.204267
0.195189
0.152219
0.098629
0.109615
0.041867
0.012831
0.296736
0.003317
0.031592
0.095165
0.335046
0.023593
0.028365
0.188327
0.039611
0.051576
0.044588
0.005072
0.284425
0.119644
0.000685
0.010219
0.014555
0.046027
0.221021
0.015182
0.025887
0.037316
0.071477
0.231354
0.077535
0.233878
0.078073
0.056585
0.205154
0.086949
0.064431
0.071836
0.043948
0.056757
0.007705
0.022969
0.143968
0.014339
0.023351
0.017864
0.045080
0.005054
0.044680
0.094083
0.113312
0.202002
0.009110
0.103233
0.021855
0.041920
0.085597
0.181987
0.111051
0.421983
0.001811
0.037993
0.065462
0.003688
0.005379
0.045693
0.081907
0.014562
0.007075
0.038395
0.135295
0.083742
0.574596
0.092913
0.221088
0.085071
0.065570
0.053708
0.007417
0.006500
0.107413
0.196022
0.001923
0.019873
0.039670
0.037552
0.179695
0.029089
0.036559
0.066862
0.301201
0.034887
0.100431
0.004982
0.056465
0.262022
0.024514
0.044077
0.106173
0.083365
0.085810
0.093790
0.112512
0.038959
0.043343
0.050585
0.073885
0.083702
0.207120
0.050391
0.059647
0.178769
0.354305
0.027825
0.131093
0.028450
0.135139
0.003929
0.070751
0.084392
0.120261
0.248928
0.158521
0.082801
0.068751
0.001331
0.080445
0.082605
0.135519
0.018080
0.088834
0.005296
0.129426
0.172377
0.057586
0.116375
0.108563
0.036183
0.009238
0.141881
0.044173
0.017599
0.058377
0.178941
0.308318
0.083780
0.350178
0.019046
0.067416
0.000841
0.026653
0.209200
0.006123
0.106256
0.071241
0.438821
0.505088
0.013164
0.030391
0.475817
0.040039
0.019903
0.242784
0.096030
0.036840
0.080830
0.055758
0.061246
0.080324
0.018606
0.095608
0.310485
0.089659
0.154881
0.033203
0.016794
0.000646
0.398024
0.012677
0.047806
0.106341
0.132652
0.096268
0.057904
0.168704
0.058404
0.180365
0.005554
0.128017
0.010236
0.049031
0.058589
0.020088
0.059593
0.191660
0.003709
0.021557
0.371381
0.059778
0.049386
0.243780
0.149554
0.019058
0.091102
0.019894
0.149486
0.081291
0.160241
0.006713
0.263118
0.026112
0.189566
0.058268
0.219688
0.010719
0.005529
0.063165
0.266597
0.062608
0.070820
0.017936
0.077878
0.055723
0.218849
0.135074
0.064963
0.016129
0.015777
0.354906
0.094422
0.025486
0.166589
0.024350
0.060513
0.209700
0.010915
0.010865
0.005402
0.016453
0.046925
0.038809
0.032867
0.001426
0.066771
0.058945
0.135015
0.036111
0.087033
0.037563
0.139835
0.019134
0.067207
0.059019
0.061385
0.077244
0.076817
0.038031
0.173788
0.302591
0.081873
0.100922
0.128607
0.038538
0.089720
0.062100
0.066249
0.050110
0.076843
0.024607
0.027578
0.022334
0.090261
0.028147
0.151699
0.235705
0.142598
0.039792
0.285833
0.042203
0.044874
0.090456
0.108080
0.052567
0.154490
0.192090
0.034053
0.025438
0.050657
0.119934
0.110812
0.019313
0.049216
0.232135
0.321650
0.092691
0.151466
0.183135
0.025128
0.006815
0.094510
0.048563
0.124047
0.034769
0.056909
0.165178
0.009789
0.052398
0.016634
0.076274
0.131965
0.435732
0.140026
0.015578
0.057449
0.078130
0.101545
0.120679
0.362336
0.285089
0.023390
0.017243
0.350762
0.017497
0.344910
0.012765
0.087936
0.013913
0.014364
0.040622
0.157864
0.121155
0.038166
0.014744
0.044414
0.019134
0.026790
0.068707
0.067084
0.255893
0.009405
0.076119
0.083197
0.015405
0.044709
0.014835
0.224095
0.042854
0.006705
0.064469
0.075298
0.218235
0.126971
0.023085
0.238980
0.000507
0.119466
0.004307
0.171305
0.020998
0.159595
0.167889
0.147615
0.011670
0.051129
0.011071
0.126808
0.512632
0.073967
0.105545
0.109978
0.015399
0.046436
0.042909
0.138879
0.052998
0.045894
0.079628
0.023060
0.006752
0.027181
0.002107
0.110703
0.061021
0.095881
0.083876
0.005571
0.168781
0.170855
0.000762
0.056244
0.154049
0.053691
0.196459
0.118811
0.108066
0.236198
0.150940
0.087940
0.004846
0.060600
0.116712
0.074058
0.087884
0.042979
0.184006
0.028162
0.102037
0.057404
0.016104
0.001926
0.013917
0.033998
0.063935
0.002713
0.006950
0.159165
0.392382
0.056389
0.063448
0.092305
0.010189
0.077367
0.112091
0.288728
0.103049
0.078724
0.052784
0.242840
0.074097
0.064930
0.132341
0.057601
0.006962
0.089608
0.201002
0.046095
0.010112
0.011173
0.236800
0.011776
0.106190
0.009158
0.071820
0.242129
0.026719
0.036726
0.094510
0.085208
0.082208
0.049764
0.004175
0.090445
0.032402
0.096870
0.057605
0.031282
0.547005
0.038807
0.354211
0.064953
0.076360
0.031318
0.019093
0.122467
0.060797
0.087988
0.020162
0.071328
0.107495
0.142611
0.109825
0.053407
0.115597
0.090850
0.064895
0.099507
0.036580
0.006525
0.015998
0.360159
0.223221
0.175466
0.029999
0.182544
0.155855
0.077916
0.036095
0.011298
0.611373
0.670432
0.190321
0.059015
0.130800
0.241346
0.078086
0.013368
0.374098
0.077161
0.146805
0.097422
0.006697
0.061984
0.001205
0.030911
0.325803
0.117591
0.083400
0.011883
0.115595
0.093000
0.101463
0.116583
0.262965
0.059305
0.094418
0.075451
0.088922
0.113738
0.020821
0.005715
0.012367
0.004365
0.080989
0.036400
0.153548
0.017662
0.016273
0.200698
0.009395
0.043523
0.117134
0.082717
0.031036
0.014468
0.086214
0.028518
0.193857
0.030768
0.270452
0.002200
0.094397
0.033176
0.064362
0.057362
0.165602
0.020489
0.146016
0.003464
0.101263
0.173542
0.056108
0.189098
0.043817
0.043847
0.241730
0.464573
0.155678
0.026066
0.285358
0.045497
0.202241
0.038843
0.024544
0.029801
0.117420
0.389026
0.073596
0.011339
0.115429
0.228825
0.152106
0.000184
0.037424
0.149846
0.120847
0.554188
0.228460
0.160059
0.116973
0.047892
0.003563
0.146173
0.061076
0.200248
0.014131
0.194600
0.103686
0.217267
0.120824
0.057298
0.072571
0.010354
0.027771
0.085553
0.019575
0.044393
0.103052
0.090324
0.224267
0.056776
0.080664
0.054791
0.140598
0.098265
0.290680
0.015255
0.013605
0.034599
0.095778
0.101757
0.022510
0.031665
0.090492
0.030704
0.177131
0.011272
0.152610
0.016609
0.125247
0.152373
0.287211
0.232356
0.002479
0.108187
0.241261
0.147089
0.060547
0.138739
0.033420
0.162498
0.052145
0.353719
0.002829
0.087398
0.013920
0.145303
0.352344
0.067720
0.184092
0.026529
0.002855
0.162574
0.052856
0.008778
0.111705
0.231376
0.008751
0.094364
0.042712
0.004337
0.007604
0.004641
0.036630
0.036800
0.077101
0.096953
0.190003
0.193955
0.018769
0.098792
0.209280
0.028756
0.092384
0.444605
0.100618
0.120904
0.037221
0.489515
0.178053
0.038973
0.035925
0.000481
0.065614
0.206681
0.153672
0.015964
0.027665
0.017583
0.030061
0.022637
0.018031
0.080560
0.245629
0.192832
0.097109
0.038008
0.238974
0.023702
0.003945
0.024335
0.156095
0.120625
0.037223
0.024823
0.101406
0.071645
0.158035
0.059031
0.008711
0.007306
0.026254
0.074145
0.125437
0.081222
0.000982
0.305674
0.061279
0.077728
0.021345
0.027891
0.024103
0.093256
0.239336
0.030668
0.042994
0.033896
0.002952
0.001056
0.151856
0.379514
0.004331
0.008003
0.060176
0.036273
0.028320
0.203845
0.021451
0.021651
0.236482
0.097599
0.115850
0.110371
0.002613
0.381405
0.002919
0.025800
0.064477
0.181779
0.298482
0.000888
0.014895
0.001611
0.014748
0.245056
0.008851
0.077471
0.021672
0.000794
0.032810
0.029967
0.078261
0.206963
0.075522
0.076202
0.032704
0.019838
0.065256
0.050083
0.231991
0.023354
0.002597
0.005305
0.038149
0.024701
0.050567
0.212246
0.130257
0.089991
0.178344
0.211257
0.006714
0.116841
0.014054
0.052892
0.049366
0.031690
0.004540
0.021605
0.122542
0.315412
0.240317
0.002314
0.084297
0.021160
0.073579
0.076267
0.017720
0.009204
0.065474
0.005405
0.183921
0.219530
0.001497
0.161377
0.182445
0.004056
0.088469
0.064413
0.019264
0.170814
0.083541
0.167313
0.273517
0.350255
0.108655
0.206252
0.006555
0.041234
0.064405
0.071787
0.045819
0.169820
0.087305
0.187487
0.058532
0.284337
0.043984
0.499147
0.083546
0.047357
0.096924
0.011234
0.116116
0.091589
0.163573
0.007871
0.054384
0.088247
0.006276
0.143809
0.230672
0.098268
0.144461
0.289004
0.060634
0.071724
0.219096
0.112938
0.032392
0.089017
0.145842
0.185906
0.013903
0.018286
0.116303
0.125871
0.130764
0.067191
0.048408
0.322946
0.029402
0.033794
0.002512
0.008824
0.098154
0.108680
0.024706
0.134741
0.018686
0.046517
0.101265
0.150208
0.060299
0.165213
0.063876
0.109038
0.179281
0.082712
0.082674
0.270190
0.003462
0.001892
0.003708
0.037242
0.077135
0.096203
0.114378
0.001719
0.207055
0.027120
0.342419
0.042439
0.186292
0.124711
0.002318
0.071757
0.050039
0.501838
0.026394
0.050255
0.019144
0.000470
0.077305
0.096780
0.017740
0.181724
0.025118
0.277029
0.111902
0.354947
0.057605
0.182257
0.092944
0.125516
0.052853
0.071618
0.031727
0.041098
0.259760
0.008153
0.178477
0.138619
0.017674
0.056311
0.180361
0.071094
0.070888
0.070074
0.018865
0.467943
0.137969
0.033627
0.042666
0.122975
0.204113
0.080184
0.033737
0.044447
0.078681
0.217451
0.121714
0.025559
0.002026
0.107131
0.030558
0.209260
0.017489
0.559890
0.161326
0.029084
0.001583
0.171888
0.011711
0.016495
0.048510
0.018944
0.009961
0.079674
0.106357
0.153860
0.005964
0.005266
0.063931
0.135364
0.023302
0.090509
0.011713
0.228921
0.206784
0.275443
0.049278
0.008623
0.170119
0.058230
0.043000
0.055754
0.123506
0.130220
0.057240
0.030997
0.016352
0.005429
0.327591
0.341972
0.006965
0.089897
0.361733
0.085777
0.352899
0.015702
0.127061
0.184063
0.012170
0.022858
0.293118
0.026546
0.095848
0.242771
0.124242
0.148304
0.035531
0.189410
0.014885
0.051075
0.067170
0.121712
0.003468
0.007818
0.045906
0.016919
0.240425
0.058638
0.088976
0.055537
0.196087
0.259812
0.230597
0.008461
0.094391
0.150041
0.249541
0.081228
0.063472
0.019379
0.000820
0.002437
0.032652
0.127405
0.051460
0.078060
0.031654
0.362306
0.253012
0.030655
0.048499
0.011136
0.050301
0.027630
0.129691
0.037500
0.115800
0.002691
0.122680
0.101426
0.034307
0.147422
0.199647
0.236212
0.118575
0.057824
0.087903
0.143564
0.037944
0.214873
0.154493
0.118527
0.142297
0.005255
0.167664
0.059173
0.115986
0.105185
0.055084
0.133088
0.194993
0.519219
0.001766
0.246408
0.149195
0.090547
0.143654
0.042808
0.051836
0.004145
0.263671
0.164669
0.072655
0.094831
0.173667
0.018175
0.084460
0.128400
0.087413
0.376051
0.029614
0.113740
0.151001
0.049560
0.281767
0.053107
0.015836
0.018680
0.049943
0.433926
0.246412
0.229863
0.108819
0.069983
0.102817
0.092931
0.309507
0.049911
0.049730
0.130647
0.162852
0.134448
0.017386
0.100397
0.031312
0.032044
0.029497
0.000886
0.012737
0.111415
0.158924
0.011302
0.293178
0.062704
0.152536
0.004241
0.008331
0.168494
0.010150
0.003816
0.107167
0.004481
0.053604
0.168817
0.012109
0.184913
0.240929
0.369131
0.095229
0.172227
0.017344
0.085360
0.208258
0.200641
0.018825
0.176444
0.050758
0.071842
0.159579
0.110338
0.039449
0.193770
0.267034
0.165312
0.005108
0.001529
0.085681
0.010472
0.009115
0.204957
0.004874
0.033013
0.036383
0.269625
0.293236
0.153516
0.061366
0.012470
0.331890
0.025292
0.102489
0.150725
0.071275
0.216721
0.279548
0.045576
0.123580
0.009916
0.056373
0.111527
0.032129
0.046718
0.142490
0.023703
0.255533
0.015183
0.025228
0.095294
0.026146
0.183232
0.044446
0.013610
0.110575
0.055763
0.097792
0.011871
0.005447
0.035003
0.072393
0.022198
0.023346
0.180886
0.027713
0.042621
0.205024
0.616602
0.147947
0.015144
0.144687
0.009478
0.160703
0.032298
0.024750
0.055536
0.015339
0.109922
0.173234
0.109770
0.159666
0.017586
0.031820
0.181645
0.039531
0.137413
0.083675
0.016174
0.025017
0.256756
0.232207
0.090624
0.001607
0.001692
0.277641
0.160274
0.119690
0.030052
0.239343
0.007587
0.116485
0.116537
0.046254
0.167511
0.021018
0.327604
0.270151
0.041409
0.040015
0.158421
0.042016
0.088803
0.117479
0.290482
0.140237
0.032277
0.043581
0.007800
0.163129
0.186236
0.025236
0.063868
0.042485
0.033242
0.002970
0.090316
0.300550
0.018760
0.140321
0.148289
0.076672
0.188423
0.055044
0.097070
0.007044
0.016572
0.088438
0.184656
0.064273
0.271195
0.068073
0.052787
0.153072
0.253383
0.231253
0.107737
0.024201
0.036933
0.081534
0.003685
0.035496
0.155101
0.028915
0.104467
0.036223
0.014314
0.040565
0.038739
0.032558
0.037192
0.250841
0.085509
0.068760
0.030677
0.034218
0.160603
0.040649
0.016139
0.048982
0.111887
0.282576
0.178960
0.068297
0.018452
0.217217
0.004037
0.087428
0.355883
0.038122
0.074004
0.036453
0.053704
0.011520
0.096128
0.120870
0.013837
0.001046
0.027632
0.043745
0.057014
0.124607
0.073463
0.003322
0.001921
0.058622
0.018449
0.165132
0.137032
0.163043
0.095934
0.023503
0.157074
0.034150
0.018027
0.003967
0.049492
0.310069
0.115257
0.107877
0.047803
0.057297
0.240368
0.683825
0.040589
0.088642
0.066733
0.022711
0.071613
0.009314
0.159043
0.051857
0.106221
0.151540
0.026847
0.295040
0.433857
0.066422
0.007497
0.102029
0.113480
0.024612
0.150488
0.033117
0.030120
0.008916
0.096490
0.141059
0.118516
0.036453
0.035283
0.005543
0.019303
0.029359
0.023420
0.004306
0.050958
0.000998
0.069972
0.000274
0.048073
0.010182
0.017667
0.119342
0.007540
0.151607
0.114077
0.102393
0.075668
0.128076
0.024886
0.052112
0.001803
0.000424
0.053733
0.095941
0.336631
0.182577
0.005486
0.249351
0.050385
0.053512
0.017338
0.009604
0.060136
0.078616
0.191174
0.109244
0.021296
0.090592
0.171918
0.028423
0.034596
0.029811
0.358076
0.015914
0.100090
0.044891
0.129038
0.069371
0.024707
0.196386
0.077024
0.002221
0.024665
0.018480
0.038871
0.017770
0.103632
0.093775
0.049083
0.029775
0.100846
0.047083
0.146092
0.199475
0.127150
0.279892
0.035862
0.190471
0.052037
0.195137
0.096081
0.033770
0.032888
0.194501
0.066031
0.016565
0.086772
0.015257
0.006313
0.030139
0.149178
0.023342
0.199124
0.004109
0.041113
0.000429
0.116464
0.095490
0.153435
0.169067
0.238358
0.055102
0.045670
0.093793
0.066544
0.021515
0.056661
0.049689
0.219735
0.008436
0.129764
0.122416
0.245303
0.084034
0.122184
0.013136
0.206858
0.005333
0.093658
0.011955
0.026031
0.116341
0.048395
0.115878
0.024859
0.010075
0.042598
0.070470
0.165961
0.201277
0.047547
0.285900
0.082839
0.020362
0.070046
0.113903
0.143965
0.012727
0.359465
0.081418
0.000492
0.033612
0.178494
0.005595
0.037369
0.113453
0.013631
0.126562
0.089020
0.031256
0.166263
0.007575
0.021485
0.144562
0.092138
0.024410
0.049853
0.188584
0.019009
0.006661
0.069017
0.022804
0.114741
0.028041
0.020984
0.095137
0.320912
0.079479
0.338804
0.477840
0.139261
0.085350
0.046549
0.008215
0.075137
0.019759
0.083689
0.056836
0.081377
0.085732
0.082104
0.262464
0.080722
0.012503
0.215764
0.135315
0.045843
0.058655
0.082609
0.049718
0.110762
0.627066
0.005375
0.249526
0.460957
0.198763
0.062244
0.108842
0.062860
0.046715
0.016988
0.022437
0.064863
0.033152
0.023326
0.093913
0.033222
0.178564
0.009219
0.025744
0.055237
0.024105
0.181395
0.067766
0.006366
0.022816
0.119943
0.036959
0.035581
0.023668
0.001257
0.142003
0.039391
0.027971
0.011122
0.070398
0.134236
0.293892
0.269775
0.001740
0.068512
0.066415
0.079681
0.055602
0.262514
0.090123
0.057258
0.329028
0.072958
0.000815
0.098628
0.335493
0.105885
0.022281
0.182180
0.003641
0.187775
0.014488
0.184002
0.019660
0.015825
0.028985
0.070113
0.117850
0.071832
0.007360
0.293915
0.182368
0.045669
0.003837
0.052654
0.329899
0.307673
0.018493
0.021952
0.376500
0.041337
0.119087
0.264431
0.174763
0.163134
0.094845
0.164899
0.026818
0.234468
0.023959
0.013155
0.146822
0.475708
0.142300
0.097592
0.009319
0.075145
0.019666
0.077816
0.052723
0.015114
0.078529
0.156764
0.125453
0.015104
0.275414
0.268796
0.044426
0.380717
0.021134
0.051128
0.183860
0.008985
0.050142
0.000986
0.023771
0.044014
0.179589
0.098165
0.009968
0.159221
0.142291
0.036628
0.019030
0.132751
0.277372
0.024750
0.040043
0.040409
0.341025
0.005230
0.001877
0.020083
0.062066
0.337762
0.003743
0.159767
0.074533
0.220926
0.332144
0.126555
0.028756
0.241241
0.001193
0.441831
0.053325
0.031467
0.214568
0.069008
0.048735
0.036420
0.054338
0.028528
0.072969
0.057266
0.030650
0.000584
0.016434
0.151930
0.123308
0.257335
0.016151
0.261056
0.218271
0.043091
0.309006
0.412381
0.186836
0.081400
0.204845
0.016764
0.014243
0.014949
0.118663
0.322246
0.021606
0.014717
0.216627
0.210511
0.013605
0.003400
0.032606
0.031885
0.000744
0.015707
0.180271
0.006588
0.060916
0.126057
0.125205
0.037022
0.014350
0.055527
0.044630
0.059407
0.034584
0.064472
0.366441
0.000801
0.026128
0.189101
0.069210
0.153210
0.008246
0.459534
0.000251
0.154279
0.028164
0.124377
0.163329
0.132612
0.309696
0.025166
0.191143
0.096148
0.020253
0.024614
0.009495
0.232805
0.040104
0.042605
0.013011
0.162501
0.081244
0.022901
0.158586
0.076875
0.157347
0.122368
0.056449
0.044063
0.223324
0.019978
0.010717
0.195692
0.116289
0.260070
0.094329
0.722068
0.056457
0.006551
0.109650
0.028994
0.049767
0.045945
0.039507
0.072696
0.091289
0.007332
0.223715
0.042715
0.133658
0.042555
0.012713
0.039941
0.025524
0.036260
0.110311
0.113484
0.021259
0.122182
0.095721
0.017710
0.086764
0.005863
0.108062
0.030888
0.089009
0.277612
0.122531
0.081690
0.084368
0.028477
0.063210
0.005612
0.067895
0.344794
0.069927
0.136316
0.233014
0.083455
0.013907
0.461720
0.071111
0.055860
0.006471
0.128458
0.187664
0.075947
0.020470
0.122511
0.021015
0.042629
0.027290
0.074846
0.104886
0.081720
0.018058
0.026752
0.024801
0.071422
0.331554
0.106606
0.196196
0.009459
0.002502
0.078658
0.026084
0.040433
0.131296
0.009846
0.210735
0.053209
0.090095
0.004337
0.006415
0.111866
0.003856
0.101248
0.037308
0.035699
0.311278
0.198861
0.036645
0.048604
0.034906
0.012772
0.306630
0.105228
0.125345
0.055162
0.023391
0.099641
0.028187
0.244711
0.289976
0.344103
0.024187
0.035108
0.198322
0.062565
0.081711
0.125135
0.023625
0.062145
0.008722
0.003133
0.345354
0.128040
0.097254
0.022922
0.034993
0.252100
0.509832
0.102874
0.256972
0.050204
0.185653
0.130182
0.025017
0.254718
0.001419
0.031248
0.068020
0.278178
0.043394
0.011591
0.128196
0.110870
0.012773
0.116833
0.049112
0.054662
0.282448
0.178575
0.378231
0.121103
0.048861
0.046769
0.015282
0.007039
0.071693
0.017406
0.087265
0.023842
0.069866
0.228338
0.062611
0.258484
0.035805
0.014475
0.122866
0.056864
0.110458
0.086443
0.057222
0.045144
0.024572
0.474817
0.022730
0.061828
0.222923
0.169442
0.405494
0.097664
0.033483
0.202525
0.006809
0.285329
0.059371
0.114566
0.224491
0.073165
0.171702
0.182423
0.071139
0.242113
0.028536
0.017080
0.123132
0.173826
0.053064
0.003068
0.056088
0.025535
0.007463
0.018061
0.092184
0.047721
0.159319
0.024832
0.092588
0.031244
0.033382
0.016229
0.135493
0.033084
0.111040
0.116635
0.080781
0.108515
0.114538
0.010244
0.148087
0.073058
0.168484
0.011756
0.005924
0.104005
0.036708
0.419820
0.036563
0.059998
0.042182
0.081834
0.023904
0.322794
0.031999
0.251942
0.419027
0.041283
0.169730
0.226748
0.003628
0.353382
0.048403
0.041393
0.162655
0.018323
0.002770
0.344785
0.001779
0.101575
0.084141
0.054534
0.174969
0.169434
0.002460
0.096260
0.195556
0.049284
0.013296
0.085383
0.001662
0.048403
0.069172
0.024180
0.088056
0.175848
0.063875
0.078153
0.020986
0.000841
0.063846
0.028842
0.099776
0.010602
0.060244
0.072636
0.153123
0.005344
0.220023
0.016712
0.250426
0.167019
0.220993
0.259673
0.008640
0.044904
0.089760
0.040230
0.107958
0.204259
0.022755
0.038223
0.204955
0.040107
0.008512
0.137404
0.034704
0.087553
0.006808
0.083250
0.168169
0.058799
0.045268
0.146818
0.074472
0.064429
0.019157
0.113584
0.176598
0.000034
0.036886
0.105445
0.016253
0.195512
0.014431
0.027958
0.061147
0.014854
0.236000
0.070613
0.049360
0.094333
0.137593
0.078578
0.103929
0.114409
0.057297
0.032868
0.013397
0.108683
0.047485
0.306593
0.032068
0.152611
0.058009
0.016858
0.049482
0.098797
0.111890
0.042697
0.025608
0.016975
0.089833
0.113897
0.231322
0.067281
0.040166
0.160307
0.100821
0.129162
0.006663
0.173347
0.049987
0.111071
0.007594
0.000022
0.003051
0.007801
0.009137
0.197519
0.079492
0.006345
0.673833
0.056342
0.114554
0.108568
0.043915
0.174693
0.341056
0.052725
0.043747
0.054947
0.178208
0.069750
0.010711
0.001032
0.108202
0.016041
0.145563
0.091560
0.023712
0.007061
0.110773
0.017463
0.395278
0.072100
0.039610
0.163044
0.096148
0.107485
0.155559
0.060212
0.004486
0.017362
0.474082
0.097806
0.002410
0.016011
0.011280
0.029640
0.106188
0.262098
0.084805
0.069128
0.255244
0.014031
0.228974
0.102952
0.026914
0.145979
0.019227
0.089635
0.061640
0.011364
0.276759
0.021765
0.045507
0.101283
0.031487
0.009953
0.035718
0.047286
0.164458
0.078754
0.255428
0.015005
0.175440
0.425516
0.408467
0.035577
0.010585
0.144411
0.057990
0.102166
0.010290
0.332628
0.050312
0.336808
0.000772
0.034796
0.063365
0.046052
0.023486
0.392662
0.079436
0.276071
0.073184
0.154271
0.102677
0.014826
0.119820
0.137684
0.126178
0.067597
0.004986
0.177265
0.346037
0.006906
0.004355
0.056552
0.133546
0.059669
0.170525
0.212152
0.090522
0.095790
0.103276
0.046379
0.022763
0.241165
0.030048
0.175186
0.073001
0.134472
0.154861
0.214661
0.182226
0.039690
0.179779
0.203377
0.102704
0.022124
0.420542
0.160399
0.048484
0.036099
0.168529
0.107778
0.046907
0.237356
0.460248
0.113491
0.178100
0.090786
0.036377
0.160228
0.120478
0.212845
0.042760
0.279176
0.118690
0.138816
0.184823
0.060721
0.182715
0.221634
0.353749
0.091481
0.006371
0.027629
0.021974
0.015146
0.047582
0.088591
0.457229
0.008586
0.315314
0.079183
0.161466
0.175987
0.043637
0.121327
0.136247
0.039903
0.258545
0.213660
0.001106
0.192798
0.048914
0.315619
0.006024
0.185043
0.071662
0.032360
0.067659
0.179728
0.055917
0.060826
0.215390
0.183624
0.024869
0.071641
0.051242
0.021302
0.022490
0.011855
0.018302
0.054761
0.029157
0.129174
0.009739
0.027408
0.326193
0.084531
0.020323
0.172153
0.001706
0.036427
0.014912
0.053019
0.062947
0.247864
0.068432
0.229474
0.317056
0.004573
0.011206
0.166325
0.034830
0.062243
0.106364
0.055732
0.201563
0.002702
0.030448
0.006386
0.030026
0.426861
0.002912
0.078495
0.024628
0.135188
0.017901
0.136177
0.073310
0.329191
0.008264
0.074132
0.241213
0.073599
0.055475
0.257109
0.176516
0.152180
0.052127
0.039710
0.033129
0.363881
0.008084
0.014515
0.100102
0.214920
0.386199
0.093861
0.196830
0.045216
0.072443
0.146452
0.019213
0.121174
0.055276
0.004654
0.044016
0.135064
0.160743
0.115419
0.128493
0.046204
0.037119
0.050849
0.057676
0.039477
0.216708
0.120582
0.016430
0.014247
0.064968
0.101334
0.118394
0.055718
0.086184
0.092949
0.034838
0.163679
0.042259
0.014087
0.015662
0.104495
0.064304
0.186413
0.209464
0.026487
0.151440
0.114770
0.082695
0.542611
0.018628
0.054472
0.052746
0.031441
0.095940
0.193545
0.065356
0.008447
0.030476
0.127100
0.061504
0.004670
0.029181
0.075547
0.038862
0.023064
0.048008
0.011750
0.217908
0.038766
0.063303
0.073597
0.059621
0.254724
0.016772
0.068120
0.016946
0.006275
0.121913
0.040710
0.134800
0.066958
0.003764
0.008389
0.002705
0.085689
0.051875
0.034480
0.035702
0.056536
0.200224
0.222186
0.173688
0.136994
0.012830
0.046486
0.172396
0.022721
0.129205
0.011511
0.168685
0.029881
0.029842
0.334231
0.011699
0.230029
0.034942
0.032801
0.015599
0.005936
0.047618
0.058773
0.037548
0.000694
0.221716
0.184822
0.099200
0.014664
0.016248
0.066400
0.018854
0.033056
0.024750
0.146735
0.110347
0.023251
0.295780
0.092599
0.157586
0.111217
0.062259
0.063436
0.055724
0.007070
0.285250
0.042237
0.005714
0.010978
0.048378
0.125474
0.069290
0.040179
0.236518
0.007093
0.031240
0.215297
0.063220
0.062639
0.008349
0.090867
0.130272
0.182292
0.012042
0.084710
0.169239
0.222680
0.009780
0.015611
0.236321
0.048174
0.055116
0.132111
0.024622
0.015855
0.082053
0.096089
0.273516
0.010694
0.103677
0.013280
0.087467
0.103136
0.053915
0.050176
0.053418
0.172931
0.189465
0.059986
0.136310
0.057243
0.058093
0.097434
0.093712
0.061106
0.065030
0.197868
0.040353
0.098603
0.015213
0.380339
0.004450
0.151602
0.018210
0.107579
0.000452
0.039589
0.004207
0.054795
0.096514
0.001746
0.079731
0.051373
0.205967
0.050285
0.002788
0.027463
0.207880
0.066568
0.049515
0.037672
0.034032
0.014993
0.083495
0.015078
0.015236
0.015756
0.027043
0.224573
0.022111
0.003115
0.299184
0.067272
0.350602
0.154938
0.063430
0.055878
0.000049
0.054480
0.027256
0.047644
0.195365
0.096489
0.285307
0.146404
0.191865
0.011513
0.072000
0.172897
0.150040
0.171012
0.055943
0.013836
0.073623
0.083863
0.143703
0.045792
0.227740
0.209324
0.137993
0.136510
0.457624
0.009556
0.043056
0.058322
0.054796
0.112783
0.057831
0.047261
0.002859
0.004909
0.066939
0.038953
0.026269
0.001976
0.008020
0.019793
0.064461
0.026280
0.061559
0.135157
0.007859
0.098980
0.141309
0.234983
0.512762
0.020688
0.004449
0.104607
0.078476
0.236165
0.090462
0.172729
0.001112
0.063514
0.022121
0.020030
0.007480
0.291242
0.049694
0.159466
0.148719
0.165041
0.036010
0.146018
0.060619
0.272698
0.114130
0.228103
0.306594
0.044219
0.044128
0.000287
0.178790
0.096127
0.017964
0.097397
0.286262
0.259919
0.470949
0.041084
0.028846
0.000320
0.015481
0.029742
0.098570
0.000630
0.264892
0.104467
0.194859
0.033483
0.074124
0.245301
0.011628
0.008119
0.016209
0.022689
0.019624
0.003173
0.017062
0.057978
0.038656
0.059178
0.069711
0.122874
0.086426
0.353515
0.289683
0.229029
0.073794
0.027872
0.060185
0.067654
0.072147
0.280821
0.110992
0.274961
0.016357
0.102146
0.030804
0.001841
0.000428
0.046323
0.020344
0.039639
0.004325
0.002991
0.028461
0.129164
0.065822
0.128003
0.247404
0.069180
0.088480
0.022259
0.043281
0.138027
0.154187
0.015600
0.021552
0.061933
0.059450
0.095272
0.201212
0.028338
0.009993
0.009228
0.037431
0.046169
0.013016
0.178229
0.044685
0.028683
0.033349
0.215051
0.099180
0.165764
0.013302
0.018320
0.052181
0.062347
0.014684
0.021932
0.008269
0.007549
0.016717
0.027958
0.035876
0.092075
0.675604
0.085204
0.065195
0.048831
0.011499
0.107855
0.060566
0.107639
0.050202
0.023867
0.040570
0.016287
0.031258
0.304464
0.021800
0.091121
0.260148
0.051489
0.038852
0.011366
0.014224
0.263378
0.063561
0.039239
0.004411
0.123574
0.014403
0.069104
0.140466
0.162212
0.195727
0.029766
0.016966
0.012653
0.038242
0.041802
0.021871
0.012958
0.053717
0.054553
0.014276
0.171652
0.009303
0.049203
0.048762
0.050071
0.096337
0.072619
0.092181
0.131744
0.009788
0.336540
0.074085
0.140382
0.022258
0.064049
0.147671
0.038218
0.081508
0.205923
0.075169
0.074242
0.120102
0.254588
0.030180
0.366359
0.134899
0.049958
0.018694
0.030053
0.052215
0.122523
0.051753
0.005516
0.008515
0.280240
0.008286
0.233120
0.245163
0.094377
0.107726
0.192138
0.180738
0.124823
0.140222
0.255731
0.027651
0.052743
0.139620
0.115063
0.051264
0.591468
0.004752
0.020820
0.015969
0.041403
0.278813
0.475897
0.147380
0.054583
0.264911
0.040416
0.077012
0.126334
0.042964
0.122878
0.247932
0.043149
0.148874
0.007398
0.238064
0.063112
0.044140
0.317680
0.009695
0.072452
0.309460
0.047393
0.030498
0.061213
0.109301
0.030608
0.287989
0.247149
0.153407
0.074998
0.055119
0.026973
0.043260
0.062687
0.040258
0.073307
0.001164
0.164243
0.142331
0.154536
0.010423
0.031834
0.025357
0.083217
0.328689
0.044288
0.180028
0.003973
0.111144
0.049221
0.043592
0.108392
0.186160
0.271075
0.052559
0.071152
0.061300
0.005474
0.081393
0.135704
0.252099
0.023886
0.081466
0.158739
0.022318
0.032703
0.053979
0.114018
0.188265
0.034582
0.092861
0.325989
0.302772
0.174564
0.053265
0.120488
0.065701
0.072292
0.044487
0.488376
0.138726
0.078454
0.003175
0.039041
0.196743
0.009513
0.215784
0.058212
0.008946
0.063665
0.157773
0.005126
0.068159
0.116946
0.057283
0.034872
0.093475
0.078571
0.012666
0.223110
0.192491
0.076358
0.252239
0.096089
0.003407
0.284289
0.109847
0.016429
0.002206
0.139385
0.047943
0.014214
0.110929
0.080988
0.174619
0.092176
0.059862
0.039731
0.479936
0.302558
0.006620
0.476014
0.142874
0.029058
0.152892
0.104901
0.098992
0.205262
0.035963
0.169688
0.083690
0.047476
0.358280
0.007866
0.088595
0.185012
0.006462
0.196445
0.074846
0.080566
0.037258
0.146019
0.015517
0.066396
0.045826
0.079332
0.023113
0.078090
0.001423
0.098192
0.088954
0.015551
0.038005
0.058251
0.180074
0.478289
0.089605
0.153468
0.046251
0.234048
0.293219
0.498997
0.096203
0.008759
0.024300
0.025214
0.094062
0.042688
0.056792
0.144927
0.010104
0.002969
0.026584
0.103887
0.027451
0.263171
0.075288
0.079632
0.071355
0.006350
0.101392
0.088294
0.123613
0.040618
0.219526
0.055118
0.146647
0.000149
0.087041
0.265674
0.019677
0.000199
0.001691
0.045552
0.173369
0.024635
0.107553
0.161371
0.027903
0.222410
0.088355
0.053673
0.047722
0.018763
0.179810
0.169963
0.023294
0.005911
0.015941
0.049929
0.044681
0.276122
0.144415
0.018468
0.223192
0.324081
0.320299
0.069273
0.103595
0.237668
0.020181
0.600541
0.033961
0.043040
0.027753
0.121946
0.131485
0.025979
0.024559
0.524697
0.164152
0.031311
0.167354
0.121500
0.056255
0.282758
0.133512
0.032844
0.242454
0.044587
0.152767
0.067364
0.052916
0.022555
0.072061
0.075429
0.037916
0.026467
0.077599
0.055059
0.078525
0.143320
0.266305
0.071864
0.091864
0.009939
0.022644
0.049547
0.078786
0.023700
0.074559
0.136851
0.125872
0.191961
0.092459
0.139576
0.102190
0.011115
0.101058
0.113307
0.034808
0.158767
0.045812
0.193489
0.209870
0.054765
0.158721
0.028291
0.021111
0.193126
0.008934
0.114637
0.134989
0.067803
0.029566
0.003416
0.050080
0.051338
0.062413
0.022856
0.033605
0.026443
0.015432
0.041062
0.207259
0.206267
0.077724
0.112984
0.094345
0.087228
0.060041
0.112040
0.046854
0.037573
0.025788
0.050145
0.136459
0.003891
0.150528
0.160558
0.114338
0.107727
0.014660
0.043323
0.015533
0.069447
0.059240
0.050932
0.411830
0.053905
0.201016
0.038344
0.023174
0.048827
0.051071
0.071389
0.009451
0.101465
0.341158
0.011944
0.167247
0.047812
0.011852
0.147524
0.346063
0.129360
0.161309
0.186044
0.171517
0.062886
0.065960
0.008539
0.140299
0.236745
0.308063
0.295288
0.061536
0.140754
0.048407
0.189460
0.020923
0.006329
0.021902
0.032896
0.019681
0.068800
0.135848
0.075010
0.246614
0.016871
0.001020
0.036759
0.118420
0.020391
0.002425
0.034167
0.227510
0.033571
0.018722
0.035433
0.071054
0.158341
0.110047
0.200822
0.059520
0.023757
0.021614
0.005351
0.093109
0.039710
0.044074
0.048307
0.004514
0.050314
0.017107
0.016727
0.225992
0.019941
0.118181
0.061810
0.042291
0.352795
0.072451
0.254568
0.024550
0.078463
0.027634
0.161200
0.006532
0.027431
0.292398
0.076580
0.062316
0.040715
0.376683
0.360791
0.067694
0.066924
0.014235
0.055351
0.020711
0.082245
0.047439
0.206952
0.111598
0.162521
0.119694
0.027893
0.066193
0.041563
0.058906
0.008201
0.196456
0.338069
0.285720
0.017108
0.005439
0.063960
0.192407
0.094087
0.103133
0.004348
0.003539
0.273250
0.064880
0.061371
0.062927
0.056092
0.052052
0.010952
0.033532
0.026155
0.011148
0.056125
0.109172
0.236527
0.140396
0.159213
0.036615
0.099705
0.014946
0.037535
0.037308
0.088431
0.425897
0.003626
0.021899
0.062466
0.128571
0.183557
0.025192
0.000338
0.272495
0.011754
0.055597
0.029078
0.015084
0.120390
0.070266
0.046947
0.042066
0.236951
0.200386
0.005386
0.183502
0.017846
0.026067
0.065430
0.097249
0.078948
0.011595
0.391871
0.143092
0.094896
0.361446
0.608690
0.088961
0.057134
0.102009
0.135184
0.003152
0.120145
0.065254
0.091557
0.014209
0.004556
0.077225
0.035891
0.164562
0.348715
0.084887
0.254563
0.029727
0.042879
0.040513
0.045483
0.003450
0.055726
0.068634
0.361746
0.046424
0.029179
0.329028
0.141059
0.006835
0.030058
0.034626
0.148461
0.034755
0.256712
0.122631
0.201548
0.187724
0.111803
0.075591
0.240348
0.022202
0.084796
0.073999
0.033683
0.081033
0.025597
0.106684
0.015702
0.126941
0.099732
0.322878
0.100304
0.123565
0.093088
0.150495
0.109946
0.334940
0.216063
0.144575
0.005199
0.007956
0.153342
0.230527
0.020787
0.182571
0.000493
0.055493
0.028222
0.235386
0.011943
0.046888
0.185532
0.091844
0.192842
0.074099
0.009870
0.038325
0.099993
0.063052
0.542949
0.082482
0.056743
0.091957
0.047160
0.042192
0.034703
0.050813
0.321842
0.046080
0.184630
0.052368
0.055921
0.255620
0.117377
0.040138
0.015202
0.244980
0.037621
0.147770
0.216339
0.046622
0.045027
0.008349
0.139381
0.014130
0.103616
0.003692
0.015257
0.132007
0.030721
0.004141
0.013656
0.027435
0.411026
0.023674
0.017132
0.022203
0.046596
0.037275
0.090040
0.061644
0.085358
0.132284
0.098605
0.003215
0.015185
0.107806
0.071942
0.023896
0.228600
0.092320
0.074321
0.072076
0.246181
0.123687
0.131830
0.117900
0.081864
0.062655
0.086654
0.234881
0.083240
0.011241
0.035673
0.151356
0.027124
0.023015
0.019738
0.139605
0.139971
0.220528
0.100243
0.175279
0.026281
0.102761
0.066910
0.117143
0.236548
0.016644
0.338257
0.098970
0.012401
0.058866
0.111289
0.314174
0.163746
0.101469
0.147410
0.028666
0.228333
0.019047
0.093886
0.007066
0.195546
0.009048
0.178194
0.119364
0.073413
0.035952
0.112059
0.078664
0.101693
0.037893
0.015939
0.069317
0.120404
0.018953
0.149236
0.095726
0.000067
0.007163
0.077600
0.254472
0.004921
0.201020
0.104380
0.076319
0.061545
0.083665
0.379421
0.001781
0.043989
0.008378
0.006654
0.019493
0.085224
0.086047
0.021523
0.110784
0.288198
0.066659
0.042755
0.195062
0.241533
0.067481
0.010868
0.199433
0.077720
0.019458
0.245144
0.010237
0.035662
0.231122
0.096972
0.084734
0.077098
0.085770
0.086979
0.057938
0.141432
0.057840
0.153926
0.076074
0.089020
0.036231
0.031411
0.181989
0.175857
0.443046
0.003449
0.203374
0.126107
0.067260
0.287447
0.171663
0.131035
0.126307
0.109791
0.310987
0.086240
0.057227
0.027968
0.077767
0.007572
0.112145
0.029275
0.114560
0.146075
0.041384
0.249114
0.048034
0.014093
0.355640
0.039164
0.052225
0.008474
0.087292
0.369495
0.057001
0.050097
0.084589
0.147375
0.095884
0.141462
0.014304
0.188082
0.558877
0.001807
0.102970
0.005513
0.058120
0.042458
0.170849
0.039541
0.162353
0.119896
0.324055
0.129374
0.097433
0.024112
0.022329
0.049306
0.148587
0.123268
0.032708
0.017621
0.110859
0.145491
0.093598
0.007292
0.096316
0.084587
0.078597
0.027931
0.069245
0.059771
0.078738
0.011970
0.352805
0.039262
0.125404
0.047379
0.025387
0.010073
0.059917
0.011872
0.144771
0.480756
0.029005
0.072204
0.036013
0.002006
0.092751
0.114358
0.048505
0.056434
0.069631
0.059556
0.064584
0.029641
0.134067
0.154535
0.086044
0.007034
0.013040
0.048490
0.012610
0.031117
0.191188
0.009655
0.042189
0.049763
0.112347
0.276445
0.137184
0.103433
0.102539
0.051106
0.030304
0.112493
0.048676
0.001569
0.112911
0.077109
0.007608
0.051771
0.011348
0.147682
0.242200
0.310890
0.061968
0.051793
0.052125
0.002604
0.032953
0.149715
0.066627
0.054204
0.150011
0.019371
0.020954
0.047204
0.033389
0.267186
0.306376
0.079361
0.053309
0.015801
0.407354
0.035253
0.105006
0.087986
0.003186
0.074119
0.034805
0.066860
0.276741
0.134814
0.150693
0.139573
0.048337
0.121251
0.067935
0.168499
0.152273
0.054467
0.034953
0.213017
0.042621
0.041899
0.028077
0.287511
0.181080
0.009905
0.016787
0.037974
0.089755
0.785451
0.064250
0.048616
0.078527
0.026726
0.074527
0.079868
0.248729
0.053987
0.048736
0.320500
0.000848
0.193075
0.084742
0.082631
0.038019
0.157885
0.214649
0.205464
0.099244
0.024651
0.057470
0.019436
0.083875
0.127867
0.035363
0.225850
0.063961
0.146565
0.074841
0.214568
0.197495
0.102133
0.027430
0.007312
0.194188
0.039365
0.106525
0.094173
0.024787
0.148701
0.017610
0.172762
0.005848
0.044101
0.201033
0.096280
0.036310
0.004234
0.059185
0.409099
0.137235
0.019064
0.082156
0.165526
0.114146
0.068992
0.128430
0.036652
0.017237
0.110176
0.075606
0.130525
0.171995
0.141786
0.056082
0.027740
0.381467
0.045146
0.275913
0.043445
0.124847
0.045654
0.112848
0.108668
0.115992
0.004393
0.084307
0.254988
0.073060
0.048626
0.010092
0.000223
0.000229
0.019729
0.011550
0.046704
0.071749
0.051198
0.057592
0.093326
0.072462
0.031800
0.065240
0.020110
0.107469
0.490477
0.104511
0.008088
0.276112
0.017586
0.025415
0.033844
0.191524
0.235902
0.005050
0.092255
0.000634
0.118925
0.001260
0.243377
0.058379
0.021278
0.047194
0.016168
0.041443
0.096253
0.011450
0.166938
0.095692
0.041442
0.054906
0.128048
0.018082
0.069512
0.063168
0.213226
0.008608
0.024210
0.091782
0.015106
0.028586
0.027381
0.195842
0.044796
0.073850
0.084822
0.022047
0.003272
0.010395
0.052944
0.196944
0.167208
0.070388
0.026101
0.005790
0.018511
0.157355
0.109312
0.056462
0.077399
0.031320
0.138950
0.228534
0.154884
0.077116
0.034983
0.027021
0.078852
0.040002
0.081252
0.134649
0.053314
0.078731
0.091339
0.239911
0.150337
0.076317
0.002908
0.064838
0.022898
0.010413
0.057974
0.099890
0.268340
0.068130
0.080210
0.141009
0.059333
0.113673
0.021385
0.140757
0.105455
0.100934
0.092826
0.209046
0.000755
0.167229
0.110179
0.048845
0.163426
0.070354
0.032013
0.083448
0.146037
0.081868
0.060191
0.047860
0.050221
0.005676
0.006235
0.043655
0.129893
0.061559
0.063519
0.003846
0.365165
0.021210
0.038770
0.244413
0.035596
0.276937
0.131800
0.028609
0.120991
0.017094
0.220398
0.088802
0.115263
0.206397
0.046927
0.011328
0.117064
0.055312
0.055166
0.169555
0.025293
0.019454
0.090517
0.096988
0.062934
0.010816
0.051268
0.201469
0.140093
0.021246
0.113949
0.085190
0.283566
0.044258
0.090426
0.077548
0.167104
0.089124
0.027098
0.048671
0.095055
0.031022
0.017688
0.322923
0.153265
0.023829
0.042288
0.019846
0.566485
0.034356
0.012254
0.180766
0.104270
0.001494
0.033983
0.015762
0.086655
0.093649
0.079423
0.013130
0.106932
0.022566
0.097866
0.158638
0.126297
0.092712
0.019395
0.107326
0.021133
0.311411
0.221739
0.011740
0.087310
0.243721
0.031395
0.000262
0.101518
0.125948
0.209631
0.036135
0.077482
0.051797
0.038134
0.014481
0.212908
0.093394
0.017397
0.061831
0.048399
0.009813
0.058397
0.012987
0.020702
0.285966
0.197013
0.167583
0.135770
0.035466
0.044177
0.120421
0.110988
0.184504
0.139922
0.077527
0.103135
0.173192
0.056409
0.030381
0.076403
0.239131
0.099506
0.027017
0.109277
0.161399
0.108495
0.155077
0.005352
0.141967
0.287300
0.197130
0.121789
0.006034
0.109010
0.005919
0.477782
0.003737
0.043727
0.191366
0.018517
0.019911
0.020767
0.167224
0.103468
0.004434
0.094737
0.094984
0.098747
0.208492
0.113738
0.068145
0.098689
0.077909
0.027420
0.356568
0.027501
0.011419
0.039311
0.019434
0.235403
0.072436
0.048850
0.043683
0.247873
0.041784
0.057589
0.064142
0.128688
0.017875
0.006294
0.121296
0.039864
0.084100
0.003158
0.016717
0.021881
0.175547
0.094109
0.063009
0.025663
0.006147
0.095420
0.017964
0.060381
0.087247
0.222250
0.000103
0.004753
0.096856
0.007656
0.122185
0.051463
0.222042
0.157342
0.116628
0.171838
0.041421
0.010803
0.049272
0.038089
0.091268
0.022562
0.378088
0.498470
0.119639
0.103809
0.089620
0.036492
0.034707
0.070296
0.017537
0.018482
0.242356
0.083590
0.107219
0.117230
0.084453
0.057229
0.157544
0.323705
0.010098
0.057320
0.079702
0.072652
0.062005
0.134386
0.109738
0.164220
0.085007
0.021331
0.403291
0.123161
0.197801
0.038101
0.295427
0.012592
0.012622
0.005272
0.081077
0.043925
0.225643
0.011170
0.225254
0.005994
0.039709
0.057550
0.172307
0.061287
0.013550
0.075817
0.012032
0.090013
0.268425
0.008485
0.055927
0.070979
0.008962
0.043996
0.292739
0.018437
0.085760
0.069171
0.104701
0.178615
0.070889
0.144556
0.262074
0.139235
0.062967
0.023433
0.153147
0.021373
0.006417
0.032441
0.001386
0.058299
0.059510
0.109983
0.023373
0.214455
0.036054
0.008880
0.172655
0.075642
0.107699
0.018693
0.018421
0.023982
0.054773
0.029144
0.148612
0.016649
0.081489
0.276793
0.039793
0.143903
0.265659
0.148893
0.138501
0.026257
0.099997
0.005856
0.025584
0.113024
0.055600
0.000448
0.003434
0.115744
0.091994
0.162058
0.057902
0.132627
0.267941
0.015849
0.045287
0.192778
0.141756
0.082827
0.180154
0.379930
0.081738
0.032756
0.069735
0.034006
0.034727
0.074609
0.006390
0.005650
0.046259
0.012174
0.070132
0.032108
0.123827
0.005724
0.402182
0.041350
0.042876
0.146059
0.372153
0.067368
0.142930
0.006999
0.052471
0.063473
0.175798
0.053258
0.056997
0.060987
0.072024
0.008544
0.070866
0.047789
0.022424
0.096769
0.003827
0.015435
0.422778
0.043463
0.161306
0.355861
0.194132
0.158656
0.009850
0.192297
0.027573
0.509345
0.001788
0.111928
0.057018
0.030850
0.041675
0.126637
0.008690
0.136722
0.031294
0.055451
0.298362
0.641128
0.175957
0.178790
0.046426
0.096342
0.144485
0.026956
0.123859
0.019260
0.110356
0.318787
0.312170
0.189765
0.021454
0.099250
0.026254
0.053444
0.131651
0.015561
0.112174
0.062783
0.177806
0.090886
0.193106
0.291231
0.161539
0.124327
0.010546
0.020782
0.006500
0.084748
0.024454
0.038332
0.049617
0.018820
0.034548
0.032746
0.213466
0.025919
0.012714
0.296166
0.015351
0.265697
0.043326
0.090884
0.089607
0.232035
0.074221
0.009468
0.056932
0.041383
0.074565
0.077734
0.373349
0.073293
0.033628
0.072706
0.038962
0.016104
0.010559
0.108038
0.016460
0.025166
0.036025
0.054802
0.236503
0.030592
0.098953
0.097923
0.202253
0.102430
0.264893
0.058445
0.005810
0.082171
0.000025
0.285171
0.035367
0.069535
0.103031
0.011963
0.045077
0.045645
0.307313
0.016283
0.169693
0.110948
0.130292
0.164916
0.067120
0.321164
0.079315
0.043437
0.005728
0.012509
0.068708
0.115996
0.009793
0.006308
0.131553
0.007507
0.001125
0.090314
0.386034
0.095195
0.325403
0.026254
0.126494
0.080798
0.052067
0.087208
0.118784
0.017020
0.111839
0.185533
0.005760
0.002975
0.257045
0.109310
0.060142
0.003561
0.122017
0.159070
0.048204
0.104081
0.145521
0.003878
0.074383
0.020370
0.095066
0.033140
0.012640
0.085836
0.020418
0.089929
0.065104
0.143105
0.029331
0.207777
0.080979
0.168299
0.113166
0.014231
0.026202
0.040991
0.058037
0.042838
0.145344
0.125342
0.001135
0.254254
0.131786
0.084626
0.184100
0.001456
0.079101
0.139601
0.225678
0.034864
0.301591
0.098105
0.429138
0.080133
0.233477
0.086052
0.070135
0.197230
0.117474
0.080401
0.069219
0.063889
0.042251
0.052473
0.113647
0.010395
0.172459
0.164657
0.023110
0.121115
0.092400
0.088560
0.006148
0.507603
0.025027
0.207646
0.446611
0.156157
0.047290
0.005293
0.005246
0.143563
0.208276
0.213834
0.138814
0.032530
0.208681
0.086654
0.119789
0.010916
0.190642
0.042771
0.062889
0.130743
0.054366
0.122215
0.225864
0.274434
0.002679
0.138311
0.397418
0.200533
0.109889
0.020277
0.008438
0.091036
0.137171
0.094645
0.002665
0.021165
0.192245
0.006280
0.050833
0.031414
0.054768
0.253116
0.220322
0.060134
0.007210
0.023304
0.003119
0.053079
0.182726
0.057923
0.019592
0.021263
0.009741
0.118669
0.044933
0.255735
0.114049
0.075422
0.081563
0.000760
0.032718
0.044527
0.002836
0.472559
0.055387
0.046062
0.111654
0.171591
0.062142
0.124826
0.136157
0.011694
0.132289
0.143750
0.210248
0.023498
0.041921
0.056435
0.121887
0.149591
0.005972
0.009880
0.037272
0.297029
0.164339
0.044830
0.008680
0.036577
0.058418
0.017911
0.084935
0.076208
0.022131
0.339987
0.039734
0.090968
0.087406
0.052807
0.541594
0.106698
0.047511
0.084343
0.047593
0.033092
0.044086
0.180032
0.015089
0.077329
0.035391
0.197635
0.009956
0.066820
0.043113
0.050500
0.171248
0.107949
0.008875
0.355141
0.255318
0.006176
0.016811
0.086776
0.326737
0.020264
0.007139
0.050014
0.021471
0.049791
0.043873
0.088569
0.019125
0.052236
0.269910
0.026589
0.135011
0.046982
0.094587
0.000812
0.160474
0.119052
0.033920
0.144633
0.031144
0.253399
0.023045
0.143966
0.003966
0.147345
0.012200
0.112056
0.005278
0.104971
0.068877
0.066703
0.095775
0.025626
0.114233
0.053634
0.005415
0.386245
0.284132
0.004593
0.069956
0.105763
0.021177
0.098785
0.017589
0.024038
0.001908
0.099006
0.413006
0.051950
0.045867
0.040578
0.016403
0.038970
0.116747
0.099744
0.039125
0.060379
0.201168
0.017712
0.250403
0.129029
0.066832
0.263550
0.195693
0.020873
0.097293
0.053044
0.178178
0.011618
0.072683
0.004491
0.139021
0.024398
0.080355
0.120379
0.170668
0.054549
0.040774
0.240520
0.244953
0.051341
0.223469
0.244264
0.031361
0.192576
0.001317
0.059147
0.005468
0.083663
0.158098
0.118573
0.080143
0.003324
0.018438
0.304935
0.108289
0.061791
0.001159
0.079551
0.184756
0.025594
0.075881
0.071380
0.103209
0.089664
0.176233
0.348114
0.121637
0.124148
0.066779
0.040622
0.127941
0.023914
0.028002
0.106517
0.223757
0.018058
0.035825
0.008200
0.023359
0.273366
0.007830
0.139794
0.149322
0.029838
0.044810
0.015195
0.087884
0.027315
0.007759
0.075207
0.019094
0.006211
0.077743
0.004433
0.581246
0.081350
0.088139
0.064881
0.053829
0.089680
0.011933
0.124093
0.195563
0.070090
0.137020
0.140107
0.108568
0.029902
0.134882
0.033476
0.162705
0.035219
0.071237
0.070148
0.094901
0.011788
0.006725
0.233445
0.037379
0.410963
0.102615
0.046565
0.085890
0.122079
0.707705
0.203070
0.224233
0.748259
0.136569
0.070128
0.025478
0.205313
0.029179
0.053530
0.106597
0.018986
0.011977
0.127073
0.057583
0.129175
0.142205
0.402839
0.042913
0.012739
0.037723
0.338863
0.017952
0.133831
0.059499
0.159577
0.196639
0.068965
0.082919
0.038820
0.010300
0.010395
0.027926
0.027776
0.304019
0.004540
0.182266
0.006372
0.425641
0.115447
0.036350
0.097422
0.133028
0.177268
0.015799
0.255728
0.138494
0.253200
0.007338
0.275131
0.151116
0.019384
0.145477
0.123340
0.057252
0.113862
0.030576
0.017559
0.052006
0.191624
0.020489
0.027320
0.062497
0.095431
0.257780
0.094301
0.033095
0.039180
0.112975
0.259246
0.269872
0.085276
0.033111
0.187395
0.021713
0.227185
0.033122
0.015341
0.002604
0.057328
0.043095
0.126566
0.197714
0.055857
0.275090
0.533668
0.044368
0.019135
0.007097
0.030395
0.040901
0.476569
0.036406
0.016910
0.296700
0.091847
0.103813
0.166103
0.062649
0.150170
0.094981
0.009175
0.000825
0.146075
0.001627
0.148467
0.046095
0.245703
0.004520
0.005090
0.239467
0.022395
0.145776
0.021444
0.085047
0.022131
0.075819
0.130225
0.083848
0.197666
0.037715
0.078769
0.098619
0.255690
0.108215
0.002340
0.065091
0.001314
0.038539
0.233294
0.044462
0.053008
0.256698
0.121737
0.011537
0.433526
0.107167
0.210000
0.174678
0.504391
0.018202
0.007280
0.002115
0.070121
0.000024
0.140847
0.014478
0.156550
0.036227
0.064637
0.006347
0.016176
0.000090
0.090621
0.003775
0.012387
0.049193
0.337669
0.074247
0.087353
0.036768
0.000685
0.002274
0.075669
0.404923
0.101202
0.032619
0.045238
0.318898
0.023976
0.231507
0.056017
0.128049
0.069788
0.005058
0.013856
0.165421
0.097951
0.103222
0.276386
0.191119
0.050460
0.290693
0.068288
0.091292
0.016201
0.120455
0.028835
0.006208
0.076038
0.007441
0.276056
0.374588
0.139184
0.017090
0.066873
0.046906
0.218804
0.144121
0.035313
0.195036
0.018902
0.035947
0.002952
0.027862
0.134945
0.008029
0.035004
0.167005
0.010402
0.276829
0.024941
0.143828
0.044859
0.059725
0.038999
0.078947
0.059155
0.056983
0.074602
0.011879
0.091350
0.029622
0.062573
0.047632
0.010251
0.040612
0.098201
0.001054
0.019082
0.249399
0.056317
0.003025
0.131563
0.115722
0.091167
0.004048
0.709559
0.002725
0.105827
0.059981
0.184452
0.075494
0.060232
0.125168
0.008055
0.129464
0.242367
0.055695
0.067753
0.056141
0.049678
0.098626
0.084414
0.128260
0.102463
0.010774
0.145167
0.078917
0.016830
0.273375
0.024222
0.135855
0.042089
0.129954
0.101783
0.010883
0.090570
0.104009
0.067893
0.274974
0.003847
0.108083
0.010270
0.067907
0.017090
0.197441
0.043360
0.039121
0.020534
0.089317
0.024065
0.097731
0.077568
0.011508
0.016995
0.012905
0.004528
0.116260
0.073567
0.099515
0.087418
0.175187
0.114448
0.283721
0.113225
0.133478
0.081311
0.012242
0.081793
0.028383
0.054063
0.091639
0.018135
0.039780
0.159672
0.197208
0.140716
0.018668
0.045956
0.194479
0.192947
0.108188
0.232584
0.230240
0.156597
0.261401
0.054258
0.211633
0.016997
0.088235
0.098240
0.065612
0.031441
0.102849
0.070380
0.083886
0.140427
0.069600
0.065834
0.139842
0.205140
0.140946
0.185207
0.123523
0.402706
0.028691
0.014938
0.018404
0.119476
0.009878
0.005870
0.237887
0.082328
0.005672
0.068933
0.062413
0.002448
0.067805
0.033317
0.131156
0.065151
0.184505
0.037207
0.099696
0.191734
0.288795
0.026812
0.501910
0.007151
0.342508
0.126708
0.034135
0.158490
0.010678
0.144570
0.014715
0.044308
0.017357
0.135625
0.371843
0.011066
0.592690
0.021905
0.026847
0.100494
0.004212
0.040404
0.208882
0.047382
0.045414
0.094370
0.122593
0.141324
0.063065
0.114775
0.040394
0.151053
0.001930
0.071390
0.013796
