0.007215
0.094008
0.072148
0.014723
0.034203
0.029846
0.052719
0.077729
0.004928
0.001438
0.090323
0.028349
0.071833
0.000105
0.029474
0.063924
0.012988
0.145268
0.115848
0.001553
0.001289
0.038980
0.139966
0.023999
0.012206
0.027419
0.001474
0.012532
0.028803
0.034240
0.013269
0.013125
0.012345
0.030773
0.017109
0.001086
0.090878
0.040648
0.051402
0.010284
0.244933
0.098287
0.006442
0.020225
0.063914
0.062100
0.137789
0.027418
0.088608
0.055479
0.018075
0.044286
0.107057
0.093604
0.035189
0.044458
0.001757
0.013902
0.079827
0.026749
0.009498
0.039792
0.060708
0.056117
0.023476
0.028898
0.035507
0.075354
0.036796
0.024982
0.033637
0.001501
0.002223
0.060766
0.204282
0.044970
0.025011
0.009338
0.034882
0.201083
0.073598
0.038785
0.098409
0.013210
0.036054
0.152317
0.043113
0.030729
0.015686
0.039703
0.157463
0.000286
0.076544
0.085875
0.108657
0.067451
0.082811
0.036561
0.041204
0.027764
0.002888
0.102015
0.042198
0.011147
0.035132
0.033172
0.022064
0.021238
0.038661
0.048840
0.047396
0.030638
0.001419
0.013043
0.009753
0.043909
0.098667
0.080083
0.079752
0.084760
0.014738
0.092177
0.055907
0.004345
0.000842
0.000733
0.070445
0.014355
0.005798
0.049015
0.021112
0.003602
0.008695
0.037473
0.009205
0.015936
0.062169
0.030321
0.019431
0.032101
0.001196
0.024433
0.027316
0.010415
0.005757
0.115039
0.035679
0.011729
0.046526
0.084924
0.001052
0.000901
0.007918
0.063441
0.008731
0.060972
0.056687
0.039340
0.012462
0.185647
0.079928
0.036345
0.012628
0.052278
0.025118
0.042883
0.019375
0.049841
0.003029
0.017734
0.171950
0.104186
0.018292
0.097778
0.018580
0.140081
0.068098
0.026907
0.014542
0.000426
0.105482
0.001933
0.085577
0.163774
0.042231
0.009408
0.101165
0.182053
0.060874
0.035553
0.023738
0.021304
0.011519
0.056066
0.028365
0.010791
0.005514
0.054824
0.017554
0.034637
0.019678
0.102639
0.114969
0.000913
0.011211
0.019856
0.217332
0.076324
0.020707
0.011978
0.056113
0.090916
0.134550
0.021068
0.107020
0.058095
0.033131
0.211709
0.013370
0.064634
0.004424
0.009298
0.120949
0.011974
0.071172
0.045841
0.091984
0.022952
0.020797
0.017210
0.101028
0.046315
0.154291
0.109136
0.007271
0.040056
0.005506
0.001996
0.003801
0.100559
0.077586
0.088160
0.020844
0.047750
0.076141
0.023744
0.042289
0.012662
0.004264
0.015512
0.110714
0.041557
0.129558
0.030603
0.016230
0.077327
0.087946
0.000623
0.055496
0.004808
0.006114
0.108167
0.002042
0.013698
0.221807
0.027324
0.006140
0.009159
0.013815
0.068130
0.005426
0.120824
0.023763
0.175770
0.119967
0.017409
0.014612
0.032410
0.005275
0.052785
0.002021
0.000528
0.202517
0.017517
0.045388
0.029878
0.018791
0.003252
0.122318
0.175018
0.174990
0.005903
0.012116
0.048091
0.195484
0.039144
0.058268
0.054211
0.014994
0.039001
0.018359
0.014143
0.004244
0.016480
0.204848
0.029702
0.052779
0.051566
0.141286
0.024754
0.018321
0.019818
0.019044
0.093910
0.111981
0.018035
0.020348
0.039288
0.043254
0.045312
0.014058
0.001029
0.013970
0.003754
0.040059
0.003678
0.003905
0.050445
0.017182
0.078555
0.033988
0.099261
0.008372
0.034801
0.079233
0.004012
0.149020
0.009512
0.074852
0.209639
0.086172
0.019267
0.005652
0.036114
0.125886
0.017371
0.112102
0.007639
0.120666
0.001614
0.018995
0.116698
0.081445
0.118841
0.091854
0.068557
0.058494
0.009810
0.028338
0.008593
0.062733
0.055098
0.014557
0.003329
0.165366
0.082579
0.039844
0.038976
0.095289
0.030194
0.025185
0.020675
0.014918
0.001236
0.051985
0.026951
0.042269
0.003217
0.021921
0.007441
0.006684
0.014995
0.088285
0.025358
0.025632
0.047395
0.013298
0.000375
0.037613
0.034747
0.052326
0.028841
0.058000
0.065731
0.013615
0.034167
0.032584
0.012749
0.026572
0.041095
0.118725
0.124873
0.016095
0.051982
0.002470
0.003712
0.035840
0.104951
0.008686
0.072628
0.107283
0.018684
0.058973
0.094521
0.023230
0.060413
0.066670
0.045141
0.096993
0.113460
0.161042
0.042342
0.009696
0.014424
0.012271
0.042142
0.070889
0.002677
0.057228
0.063143
0.021384
0.036186
0.009004
0.065447
0.002078
0.198751
0.082498
0.049503
0.015566
0.122014
0.160247
0.007490
0.074751
0.092236
0.053899
0.060267
0.029445
0.129054
0.177382
0.024092
0.081154
0.028363
0.009001
0.019687
0.006753
0.119782
0.160229
0.006345
0.045899
0.026231
0.006283
0.017512
0.014265
0.069230
0.000201
0.010526
0.028881
0.001063
0.049379
0.046523
0.090191
0.011572
0.016758
0.039081
0.015957
0.044063
0.014443
0.057526
0.078293
0.082684
0.181750
0.039414
0.033747
0.096792
0.073281
0.042262
0.024165
0.016707
0.005722
0.082396
0.006282
0.068771
0.039404
0.167542
0.071578
0.181568
0.007344
0.034695
0.042499
0.018644
0.034962
0.022066
0.037581
0.000042
0.029198
0.029851
0.018178
0.025492
0.076413
0.057508
0.033893
0.052159
0.023705
0.011402
0.000194
0.016260
0.045586
0.106711
0.088428
0.035766
0.217210
0.030956
0.089967
0.026294
0.068252
0.219469
0.018216
0.009335
0.048384
0.037853
0.022269
0.000176
0.024646
0.027745
0.025981
0.098752
0.043905
0.066181
0.114095
0.069070
0.033933
0.068475
0.051132
0.052312
0.049669
0.026128
0.049613
0.050220
0.138325
0.076272
0.093627
0.072943
0.084458
0.046502
0.021497
0.015366
0.061554
0.103551
0.039290
0.008248
0.089481
0.033135
0.031471
0.002323
0.035696
0.068275
0.027461
0.021939
0.053478
0.000997
0.035379
0.146056
0.058631
0.025702
0.058383
0.046443
0.011716
0.011641
0.108589
0.015672
0.003892
0.088798
0.037033
0.022960
0.035823
0.066728
0.009229
0.052931
0.062490
0.084371
0.015719
0.047038
0.013206
0.041168
0.009459
0.077977
0.100764
0.019997
0.012572
0.165919
0.061326
0.092829
0.001551
0.114827
0.048703
0.019029
0.028261
0.071689
0.076952
0.010530
0.049160
0.009054
0.180688
0.029311
0.122176
0.065143
0.046603
0.015189
0.037390
0.007461
0.007431
0.062895
0.022400
0.069591
0.013754
0.063320
0.063377
0.018228
0.005624
0.025293
0.033899
0.005267
0.010337
0.002847
0.045505
0.109855
0.012203
0.001767
0.060857
0.084346
0.166381
0.047490
0.020961
0.090967
0.006282
0.058986
0.005004
0.025517
0.034162
0.023732
0.009232
0.013180
0.085782
0.031048
0.043367
0.011907
0.062752
0.020033
0.045023
0.120113
0.259191
0.002366
0.079837
0.097451
0.019252
0.024156
0.043405
0.125567
0.025535
0.106026
0.071057
0.008260
0.122485
0.000765
0.007843
0.054653
0.002941
0.023861
0.006962
0.031078
0.091623
0.118268
0.001806
0.003139
0.091824
0.002188
0.015982
0.006246
0.004773
0.001401
0.050738
0.068249
0.058041
0.093418
0.054386
0.024690
0.049856
0.174657
0.051306
0.013926
0.003104
0.136796
0.044640
0.021510
0.046488
0.041078
0.036925
0.003137
0.021788
0.026607
0.011118
0.106057
0.027593
0.054293
0.062509
0.067989
0.063848
0.069758
0.014490
0.187333
0.008185
0.125448
0.096403
0.095583
0.002713
0.004783
0.083847
0.031665
0.023122
0.208954
0.002047
0.037907
0.029291
0.006860
0.025142
0.061490
0.106987
0.001246
0.037170
0.004736
0.080570
0.004484
0.001740
0.024245
0.065952
0.018786
0.006963
0.079133
0.082232
0.096848
0.018102
0.027655
0.014078
0.040729
0.020032
0.020675
0.076536
0.156516
0.043870
0.005529
0.052860
0.029766
0.221270
0.063538
0.090026
0.060413
0.038352
0.113563
0.089076
0.017218
0.008541
0.023130
0.036811
0.005123
0.021185
0.042772
0.002228
0.084356
0.052651
0.018818
0.017714
0.021741
0.019674
0.069018
0.034763
0.037341
0.008053
0.122914
0.019695
0.019842
0.003567
0.194151
0.032667
0.122026
0.131289
0.174916
0.084540
0.129810
0.127738
0.080815
0.007227
0.037087
0.042854
0.244626
0.076612
0.060687
0.068649
0.022438
0.142637
0.051571
0.025756
0.031234
0.194992
0.037978
0.009184
0.008029
0.058116
0.041365
0.118654
0.010204
0.026476
0.065090
0.002570
0.005225
0.039451
0.015444
0.005655
0.015170
0.050003
0.037367
0.004087
0.003780
0.095065
0.051534
0.009520
0.098965
0.001105
0.022952
0.094072
0.061942
0.016686
0.110950
0.045575
0.100307
0.111650
0.027708
0.056289
0.039315
0.144781
0.080014
0.064698
0.084109
0.314898
0.014823
0.011242
0.068675
0.073556
0.036107
0.033381
0.025854
0.107150
0.079539
0.043925
0.002047
0.095238
0.030666
0.010521
0.017788
0.058775
0.000276
0.006394
0.018024
0.109103
0.068691
0.176665
0.039157
0.042428
0.040079
0.037288
0.039049
0.085344
0.153274
0.026238
0.049708
0.018391
0.017970
0.035293
0.044127
0.039925
0.187708
0.008895
0.050621
0.260433
0.066616
0.041725
0.022972
0.025720
0.137854
0.112847
0.055384
0.114507
0.129623
0.093652
0.024178
0.031215
0.079459
0.023311
0.069188
0.032833
0.020514
0.030454
0.006194
0.021886
0.026824
0.000917
0.009442
0.015071
0.097556
0.044528
0.016924
0.304326
0.014915
0.036056
0.067261
0.058773
0.028414
0.075029
0.033257
0.062845
0.033802
0.177883
0.062971
0.004791
0.006933
0.169833
0.013018
0.001324
0.014599
0.032676
0.152004
0.025469
0.064278
0.089898
0.004670
0.047324
0.273448
0.039881
0.038231
0.021286
0.146036
0.174664
0.005444
0.040241
0.027204
0.055683
0.006315
0.015417
0.016339
0.032669
0.078820
0.097543
0.077188
0.056475
0.004562
0.024692
0.055237
0.017425
0.035445
0.117735
0.006174
0.096165
0.005593
0.024418
0.117899
0.011232
0.036776
0.026944
0.109439
0.241822
0.017025
0.033911
0.112692
0.039350
0.012080
0.071286
0.020556
0.033274
0.000430
0.225343
0.053542
0.130058
0.173183
0.015567
0.038885
0.029013
0.071326
0.092380
0.012975
0.016049
0.061253
0.026521
0.006975
0.010865
0.041146
0.045627
0.161033
0.038048
0.046950
0.008059
0.026705
0.016411
0.059442
0.015534
0.012065
0.022918
0.031796
0.020654
0.046536
0.009996
0.105976
0.059237
0.038260
0.002996
0.019727
0.058576
0.051791
0.083553
0.111054
0.018944
0.034034
0.020027
0.006844
0.007548
0.014817
0.004607
0.038699
0.060688
0.041399
0.057722
0.012825
0.011120
0.041917
0.107832
0.027432
0.000212
0.001013
0.018214
0.047774
0.004418
0.012713
0.057080
0.209958
0.020857
0.045957
0.036535
0.001170
0.020012
0.007509
0.014439
0.073480
0.057160
0.002094
0.004027
0.064536
0.005447
0.019064
0.015690
0.002552
0.001583
0.007485
0.025485
0.135683
0.050858
0.013858
0.056916
0.015985
0.036205
0.019418
0.148475
0.021721
0.081371
0.051249
0.092679
0.046591
0.102159
0.025973
0.056816
0.048463
0.037511
0.041556
0.038368
0.025025
0.114296
0.050083
0.039828
0.002772
0.035518
0.009627
0.012105
0.028512
0.039478
0.014412
0.015800
0.037767
0.032050
0.025816
0.005477
0.023379
0.053127
0.039285
0.039346
0.092837
0.064216
0.057694
0.001544
0.018418
0.057350
0.008467
0.122365
0.007653
0.105648
0.012184
0.092128
0.094269
0.020433
0.109728
0.008704
0.094560
0.024042
0.028966
0.006270
0.045940
0.015719
0.054963
0.080319
0.046277
0.000411
0.152178
0.126088
0.051492
0.023862
0.041267
0.107199
0.030766
0.075529
0.045635
0.027433
0.135548
0.026249
0.046542
0.002737
0.031816
0.001907
0.060892
0.000030
0.002149
0.005890
0.007516
0.035472
0.022025
0.015797
0.205596
0.119845
0.053191
0.080996
0.085659
0.014063
0.082588
0.013709
0.041318
0.022136
0.008638
0.074997
0.124051
0.018822
0.105914
0.021252
0.053582
0.273510
0.073936
0.002864
0.028535
0.023605
0.017402
0.084678
0.029082
0.060072
0.050383
0.036594
0.002883
0.055895
0.110996
0.009449
0.051465
0.033417
0.020850
0.061967
0.184843
0.001095
0.113800
0.024164
0.089743
0.009601
0.063043
0.005251
0.020444
0.175176
0.053445
0.076745
0.030930
0.031854
0.033925
0.074174
0.064232
0.010769
0.029045
0.039047
0.042365
0.130708
0.091550
0.008119
0.023590
0.005769
0.001329
0.003876
0.010104
0.072638
0.055014
0.079942
0.017019
0.008451
0.178957
0.087442
0.146668
0.000948
0.025254
0.050229
0.066604
0.121892
0.038581
0.024780
0.000267
0.081447
0.201310
0.118890
0.054275
0.020964
0.013666
0.074587
0.137000
0.161353
0.009655
0.044016
0.035987
0.027881
0.079091
0.137274
0.064481
0.060250
0.058658
0.053002
0.038475
0.014245
0.075588
0.006340
0.051626
0.024468
0.041045
0.051282
0.032593
0.191050
0.013669
0.000612
0.155342
0.018699
0.016292
0.026855
0.045189
0.213846
0.061469
0.019160
0.038252
0.029772
0.034816
0.027031
0.009173
0.025166
0.024640
0.011202
0.084891
0.022314
0.008213
0.041836
0.093166
0.075834
0.048648
0.065659
0.020482
0.007699
0.014719
0.021489
0.016365
0.031533
0.008069
0.006978
0.014566
0.010939
0.080899
0.038562
0.011058
0.028037
0.102753
0.043092
0.040362
0.024823
0.010898
0.049096
0.004014
0.077133
0.002962
0.068589
0.024114
0.057350
0.044703
0.006916
0.038664
0.003853
0.013802
0.024037
0.016821
0.054200
0.216508
0.022070
0.091193
0.012751
0.061778
0.021364
0.038325
0.004638
0.087825
0.011712
0.031130
0.017145
0.083090
0.044897
0.047750
0.070274
0.014712
0.003001
0.088175
0.018961
0.083638
0.156910
0.049603
0.005451
0.096203
0.050178
0.014111
0.011652
0.035436
0.006481
0.118234
0.061526
0.085541
0.024211
0.128322
0.007191
0.062983
0.014692
0.000182
0.006442
0.011254
0.072058
0.023745
0.032892
0.047542
0.015576
0.050865
0.055672
0.127150
0.034945
0.096650
0.171715
0.073244
0.027339
0.015871
0.005142
0.088901
0.006940
0.040994
0.030250
0.002294
0.012061
0.086551
0.038681
0.129111
0.119284
0.004937
0.056678
0.002180
0.027467
0.029150
0.157180
0.045233
0.010536
0.035642
0.036889
0.010975
0.022293
0.104980
0.199421
0.074999
0.003334
0.118157
0.030667
0.089805
0.009727
0.007990
0.118577
0.016810
0.002200
0.034762
0.233185
0.090242
0.025234
0.248619
0.079646
0.092279
0.051938
0.025075
0.118069
0.031803
0.136394
0.040169
0.120318
0.032424
0.027828
0.044419
0.019086
0.008091
0.044499
0.095178
0.016271
0.100132
0.077353
0.074733
0.026818
0.334492
0.078242
0.042860
0.006024
0.042644
0.000724
0.116246
0.020526
0.022971
0.040024
0.050732
0.043701
0.033172
0.050305
0.093912
0.029548
0.034665
0.083128
0.000171
0.008760
0.019654
0.012036
0.113173
0.008021
0.005708
0.019078
0.035529
0.086153
0.271891
0.095483
0.046932
0.001916
0.003278
0.049812
0.085707
0.015429
0.174043
0.039968
0.042639
0.048198
0.003893
0.009340
0.137594
0.015551
0.004348
0.016594
0.064758
0.015245
0.011823
0.016226
0.032737
0.066885
0.017928
0.103379
0.186241
0.086303
0.003905
0.018950
0.130040
0.098086
0.007150
0.029190
0.022623
0.068811
0.001456
0.018952
0.069271
0.108961
0.002074
0.044380
0.054474
0.103146
0.027633
0.180688
0.010997
0.006095
0.006966
0.044182
0.006531
0.015503
0.010927
0.002844
0.164015
0.020393
0.166234
0.064229
0.012408
0.134816
0.000470
0.199919
0.001640
0.014605
0.040143
0.000461
0.072347
0.004423
0.084937
0.001787
0.037556
0.011750
0.017038
0.033715
0.023211
0.024877
0.052984
0.010861
0.010014
0.057663
0.017617
0.135120
0.027777
0.032125
0.001172
0.001044
0.005534
0.049125
0.054613
0.152034
0.028323
0.061494
0.021049
0.003847
0.027252
0.060470
0.081539
0.151811
0.089241
0.041461
0.039966
0.034767
0.032467
0.057049
0.042866
0.097302
0.029899
0.031855
0.089213
0.056294
0.037164
0.041442
0.081919
0.046746
0.014998
0.018571
0.046393
0.002347
0.030585
0.111238
0.013208
0.029363
0.060116
0.129850
0.059581
0.049152
0.024217
0.028756
0.051354
0.022028
0.076826
0.000411
0.069599
0.067749
0.018296
0.000754
0.020636
0.044481
0.077311
0.102152
0.011695
0.004264
0.006385
0.225713
0.051843
0.006869
0.058683
0.160295
0.046753
0.013236
0.164024
0.060291
0.010105
0.072668
0.035077
0.042671
0.022769
0.017389
0.027274
0.037370
0.030943
0.100595
0.003855
0.011094
0.138634
0.046807
0.048055
0.049679
0.013952
0.025100
0.011796
0.008243
0.227877
0.068093
0.105655
0.000073
0.060949
0.018355
0.034449
0.056235
0.001584
0.023162
0.040360
0.103724
0.035996
0.019106
0.046287
0.043807
0.017286
0.039709
0.016157
0.000568
0.018606
0.004520
0.033853
0.034772
0.102096
0.068898
0.069190
0.228512
0.015372
0.023319
0.013104
0.005406
0.036204
0.035803
0.006947
0.127900
0.191993
0.003538
0.000159
0.003189
0.065788
0.095704
0.003423
0.000450
0.038604
0.020227
0.000946
0.000442
0.011872
0.011164
0.017504
0.039999
0.014476
0.013297
0.011834
0.109019
0.013629
0.040521
0.030132
0.020129
0.026108
0.000806
0.010231
0.051102
0.071667
0.012319
0.009711
0.118060
0.005145
0.079203
0.105208
0.007909
0.089480
0.008129
0.002203
0.016860
0.021104
0.044524
0.029217
0.078862
0.054646
0.006346
0.011305
0.068553
0.006161
0.152494
0.083449
0.012413
0.016851
0.014526
0.027482
0.014293
0.001640
0.014502
0.010833
0.021533
0.030281
0.103698
0.053875
0.047788
0.099950
0.024431
0.027764
0.014018
0.088657
0.104925
0.120860
0.046434
0.006043
0.003751
0.079859
0.108344
0.037993
0.126768
0.133518
0.070274
0.023145
0.030472
0.021684
0.025213
0.031868
0.000863
0.006811
0.009197
0.041830
0.102634
0.062135
0.008096
0.030595
0.049350
0.007262
0.004152
0.047342
0.013422
0.051790
0.009410
0.096864
0.018534
0.027962
0.039922
0.108731
0.124072
0.093150
0.057682
0.003585
0.010338
0.038244
0.210412
0.064758
0.010639
0.022003
0.164124
0.035438
0.102134
0.097595
0.076109
0.049314
0.054807
0.020933
0.006415
0.148368
0.001659
0.015796
0.047582
0.167523
0.011797
0.014182
0.094163
0.019805
0.025788
0.022294
0.002536
0.142212
0.059822
0.000342
0.005110
0.007278
0.023013
0.110510
0.007591
0.012943
0.018658
0.035738
0.115677
0.038767
0.116939
0.039036
0.028293
0.102577
0.043475
0.032216
0.035918
0.021974
0.028379
0.003853
0.011484
0.071984
0.007170
0.011675
0.008932
0.022540
0.002527
0.022340
0.047041
0.056656
0.101001
0.004555
0.051616
0.010927
0.020960
0.042799
0.090994
0.055525
0.210992
0.000906
0.018996
0.032731
0.001844
0.002690
0.022846
0.040953
0.007281
0.003538
0.019198
0.067647
0.041871
0.287298
0.046457
0.110544
0.042536
0.032785
0.026854
0.003709
0.003250
0.053707
0.098011
0.000962
0.009936
0.019835
0.018776
0.089848
0.014544
0.018280
0.033431
0.150600
0.017443
0.050216
0.002491
0.028232
0.131011
0.012257
0.022039
0.053087
0.041683
0.042905
0.046895
0.056256
0.019479
0.021671
0.025292
0.036942
0.041851
0.103560
0.025195
0.029824
0.089385
0.177152
0.013913
0.065546
0.014225
0.067570
0.001964
0.035375
0.042196
0.060131
0.124464
0.079261
0.041400
0.034376
0.000666
0.040222
0.041302
0.067760
0.009040
0.044417
0.002648
0.064713
0.086189
0.028793
0.058187
0.054281
0.018091
0.004619
0.070940
0.022086
0.008800
0.029188
0.089470
0.154159
0.041890
0.175089
0.009523
0.033708
0.000421
0.013326
0.104600
0.003062
0.053128
0.035621
0.219410
0.252544
0.006582
0.015196
0.237908
0.020020
0.009952
0.121392
0.048015
0.018420
0.040415
0.027879
0.030623
0.040162
0.009303
0.047804
0.155242
0.044829
0.077441
0.016602
0.008397
0.000323
0.199012
0.006338
0.023903
0.053170
0.066326
0.048134
0.028952
0.084352
0.029202
0.090183
0.002777
0.064009
0.005118
0.024515
0.029294
0.010044
0.029796
0.095830
0.001854
0.010778
0.185690
0.029889
0.024693
0.121890
0.074777
0.009529
0.045551
0.009947
0.074743
0.040645
0.080121
0.003357
0.131559
0.013056
0.094783
0.029134
0.109844
0.005359
0.002765
0.031583
0.133299
0.031304
0.035410
0.008968
0.038939
0.027862
0.109424
0.067537
0.032482
0.008065
0.007889
0.177453
0.047211
0.012743
0.083294
0.012175
0.030256
0.104850
0.005457
0.005432
0.002701
0.008226
0.023463
0.019404
0.016434
0.000713
0.033385
0.029473
0.067507
0.018055
0.043516
0.018782
0.069917
0.009567
0.033604
0.029510
0.030693
0.038622
0.038408
0.019015
0.086894
0.151296
0.040936
0.050461
0.064303
0.019269
0.044860
0.031050
0.033124
0.025055
0.038421
0.012304
0.013789
0.011167
0.045130
0.014074
0.075850
0.117853
0.071299
0.019896
0.142917
0.021101
0.022437
0.045228
0.054040
0.026283
0.077245
0.096045
0.017027
0.012719
0.025328
0.059967
0.055406
0.009657
0.024608
0.116067
0.160825
0.046345
0.075733
0.091568
0.012564
0.003408
0.047255
0.024282
0.062024
0.017384
0.028455
0.082589
0.004894
0.026199
0.008317
0.038137
0.065982
0.217866
0.070013
0.007789
0.028724
0.039065
0.050773
0.060339
0.181168
0.142545
0.011695
0.008622
0.175381
0.008749
0.172455
0.006382
0.043968
0.006956
0.007182
0.020311
0.078932
0.060577
0.019083
0.007372
0.022207
0.009567
0.013395
0.034353
0.033542
0.127946
0.004702
0.038060
0.041599
0.007702
0.022355
0.007417
0.112047
0.021427
0.003353
0.032235
0.037649
0.109118
0.063485
0.011542
0.119490
0.000254
0.059733
0.002154
0.085653
0.010499
0.079798
0.083944
0.073807
0.005835
0.025565
0.005535
0.063404
0.256316
0.036984
0.052773
0.054989
0.007699
0.023218
0.021454
0.069439
0.026499
0.022947
0.039814
0.011530
0.003376
0.013591
0.001053
0.055352
0.030510
0.047940
0.041938
0.002786
0.084390
0.085428
0.000381
0.028122
0.077025
0.026845
0.098230
0.059406
0.054033
0.118099
0.075470
0.043970
0.002423
0.030300
0.058356
0.037029
0.043942
0.021489
0.092003
0.014081
0.051019
0.028702
0.008052
0.000963
0.006958
0.016999
0.031968
0.001356
0.003475
0.079582
0.196191
0.028194
0.031724
0.046153
0.005094
0.038684
0.056046
0.144364
0.051524
0.039362
0.026392
0.121420
0.037049
0.032465
0.066171
0.028801
0.003481
0.044804
0.100501
0.023047
0.005056
0.005586
0.118400
0.005888
0.053095
0.004579
0.035910
0.121064
0.013359
0.018363
0.047255
0.042604
0.041104
0.024882
0.002088
0.045222
0.016201
0.048435
0.028803
0.015641
0.273503
0.019404
0.177105
0.032477
0.038180
0.015659
0.009547
0.061234
0.030398
0.043994
0.010081
0.035664
0.053748
0.071305
0.054913
0.026704
0.057798
0.045425
0.032447
0.049753
0.018290
0.003263
0.007999
0.180079
0.111610
0.087733
0.014999
0.091272
0.077927
0.038958
0.018047
0.005649
0.305686
0.335216
0.095160
0.029507
0.065400
0.120673
0.039043
0.006684
0.187049
0.038581
0.073403
0.048711
0.003348
0.030992
0.000602
0.015456
0.162901
0.058795
0.041700
0.005942
0.057797
0.046500
0.050731
0.058291
0.131482
0.029653
0.047209
0.037726
0.044461
0.056869
0.010411
0.002857
0.006184
0.002182
0.040495
0.018200
0.076774
0.008831
0.008137
0.100349
0.004697
0.021761
0.058567
0.041358
0.015518
0.007234
0.043107
0.014259
0.096929
0.015384
0.135226
0.001100
0.047198
0.016588
0.032181
0.028681
0.082801
0.010244
0.073008
0.001732
0.050632
0.086771
0.028054
0.094549
0.021908
0.021923
0.120865
0.232286
0.077839
0.013033
0.142679
0.022749
0.101120
0.019421
0.012272
0.014901
0.058710
0.194513
0.036798
0.005669
0.057714
0.114413
0.076053
0.000092
0.018712
0.074923
0.060423
0.277094
0.114230
0.080029
0.058486
0.023946
0.001782
0.073086
0.030538
0.100124
0.007065
0.097300
0.051843
0.108634
0.060412
0.028649
0.036286
0.005177
0.013886
0.042776
0.009787
0.022196
0.051526
0.045162
0.112133
0.028388
0.040332
0.027396
0.070299
0.049132
0.145340
0.007627
0.006803
0.017299
0.047889
0.050879
0.011255
0.015833
0.045246
0.015352
0.088565
0.005636
0.076305
0.008305
0.062623
0.076186
0.143606
0.116178
0.001240
0.054093
0.120630
0.073544
0.030273
0.069369
0.016710
0.081249
0.026073
0.176859
0.001414
0.043699
0.006960
0.072651
0.176172
0.033860
0.092046
0.013264
0.001427
0.081287
0.026428
0.004389
0.055852
0.115688
0.004375
0.047182
0.021356
0.002169
0.003802
0.002320
0.018315
0.018400
0.038550
0.048477
0.095002
0.096977
0.009385
0.049396
0.104640
0.014378
0.046192
0.222303
0.050309
0.060452
0.018610
0.244758
0.089027
0.019487
0.017962
0.000241
0.032807
0.103341
0.076836
0.007982
0.013832
0.008791
0.015031
0.011318
0.009016
0.040280
0.122815
0.096416
0.048554
0.019004
0.119487
0.011851
0.001972
0.012168
0.078048
0.060313
0.018611
0.012411
0.050703
0.035823
0.079017
0.029515
0.004355
0.003653
0.013127
0.037073
0.062718
0.040611
0.000491
0.152837
0.030639
0.038864
0.010673
0.013945
0.012051
0.046628
0.119668
0.015334
0.021497
0.016948
0.001476
0.000528
0.075928
0.189757
0.002166
0.004002
0.030088
0.018137
0.014160
0.101923
0.010726
0.010826
0.118241
0.048800
0.057925
0.055185
0.001306
0.190703
0.001459
0.012900
0.032239
0.090890
0.149241
0.000444
0.007447
0.000805
0.007374
0.122528
0.004425
0.038735
0.010836
0.000397
0.016405
0.014984
0.039131
0.103482
0.037761
0.038101
0.016352
0.009919
0.032628
0.025042
0.115995
0.011677
0.001298
0.002653
0.019074
0.012350
0.025283
0.106123
0.065129
0.044995
0.089172
0.105628
0.003357
0.058421
0.007027
0.026446
0.024683
0.015845
0.002270
0.010802
0.061271
0.157706
0.120159
0.001157
0.042148
0.010580
0.036789
0.038133
0.008860
0.004602
0.032737
0.002703
0.091961
0.109765
0.000748
0.080688
0.091222
0.002028
0.044235
0.032207
0.009632
0.085407
0.041771
0.083657
0.136759
0.175127
0.054327
0.103126
0.003278
0.020617
0.032203
0.035894
0.022909
0.084910
0.043653
0.093743
0.029266
0.142169
0.021992
0.249574
0.041773
0.023679
0.048462
0.005617
0.058058
0.045795
0.081787
0.003936
0.027192
0.044123
0.003138
0.071904
0.115336
0.049134
0.072230
0.144502
0.030317
0.035862
0.109548
0.056469
0.016196
0.044508
0.072921
0.092953
0.006951
0.009143
0.058151
0.062936
0.065382
0.033595
0.024204
0.161473
0.014701
0.016897
0.001256
0.004412
0.049077
0.054340
0.012353
0.067371
0.009343
0.023258
0.050632
0.075104
0.030150
0.082606
0.031938
0.054519
0.089640
0.041356
0.041337
0.135095
0.001731
0.000946
0.001854
0.018621
0.038568
0.048101
0.057189
0.000859
0.103528
0.013560
0.171210
0.021220
0.093146
0.062355
0.001159
0.035878
0.025020
0.250919
0.013197
0.025128
0.009572
0.000235
0.038653
0.048390
0.008870
0.090862
0.012559
0.138515
0.055951
0.177473
0.028802
0.091128
0.046472
0.062758
0.026426
0.035809
0.015864
0.020549
0.129880
0.004077
0.089239
0.069310
0.008837
0.028156
0.090180
0.035547
0.035444
0.035037
0.009432
0.233971
0.068984
0.016814
0.021333
0.061487
0.102056
0.040092
0.016868
0.022223
0.039341
0.108726
0.060857
0.012780
0.001013
0.053566
0.015279
0.104630
0.008745
0.279945
0.080663
0.014542
0.000792
0.085944
0.005856
0.008247
0.024255
0.009472
0.004981
0.039837
0.053179
0.076930
0.002982
0.002633
0.031966
0.067682
0.011651
0.045254
0.005857
0.114460
0.103392
0.137721
0.024639
0.004311
0.085060
0.029115
0.021500
0.027877
0.061753
0.065110
0.028620
0.015499
0.008176
0.002715
0.163795
0.170986
0.003482
0.044948
0.180867
0.042889
0.176450
0.007851
0.063531
0.092031
0.006085
0.011429
0.146559
0.013273
0.047924
0.121385
0.062121
0.074152
0.017766
0.094705
0.007443
0.025538
0.033585
0.060856
0.001734
0.003909
0.022953
0.008459
0.120213
0.029319
0.044488
0.027769
0.098044
0.129906
0.115298
0.004230
0.047195
0.075020
0.124771
0.040614
0.031736
0.009689
0.000410
0.001219
0.016326
0.063703
0.025730
0.039030
0.015827
0.181153
0.126506
0.015328
0.024250
0.005568
0.025150
0.013815
0.064846
0.018750
0.057900
0.001345
0.061340
0.050713
0.017153
0.073711
0.099823
0.118106
0.059288
0.028912
0.043951
0.071782
0.018972
0.107437
0.077247
0.059264
0.071148
0.002627
0.083832
0.029586
0.057993
0.052593
0.027542
0.066544
0.097496
0.259610
0.000883
0.123204
0.074597
0.045274
0.071827
0.021404
0.025918
0.002073
0.131836
0.082335
0.036328
0.047416
0.086834
0.009087
0.042230
0.064200
0.043706
0.188025
0.014807
0.056870
0.075501
0.024780
0.140884
0.026553
0.007918
0.009340
0.024971
0.216963
0.123206
0.114932
0.054409
0.034991
0.051409
0.046465
0.154753
0.024955
0.024865
0.065323
0.081426
0.067224
0.008693
0.050198
0.015656
0.016022
0.014749
0.000443
0.006369
0.055707
0.079462
0.005651
0.146589
0.031352
0.076268
0.002121
0.004165
0.084247
0.005075
0.001908
0.053583
0.002241
0.026802
0.084408
0.006054
0.092456
0.120465
0.184565
0.047615
0.086113
0.008672
0.042680
0.104129
0.100320
0.009413
0.088222
0.025379
0.035921
0.079789
0.055169
0.019725
0.096885
0.133517
0.082656
0.002554
0.000765
0.042841
0.005236
0.004558
0.102479
0.002437
0.016507
0.018192
0.134813
0.146618
0.076758
0.030683
0.006235
0.165945
0.012646
0.051244
0.075362
0.035638
0.108361
0.139774
0.022788
0.061790
0.004958
0.028187
0.055764
0.016064
0.023359
0.071245
0.011852
0.127766
0.007592
0.012614
0.047647
0.013073
0.091616
0.022223
0.006805
0.055287
0.027882
0.048896
0.005936
0.002724
0.017502
0.036196
0.011099
0.011673
0.090443
0.013856
0.021310
0.102512
0.308301
0.073973
0.007572
0.072343
0.004739
0.080352
0.016149
0.012375
0.027768
0.007670
0.054961
0.086617
0.054885
0.079833
0.008793
0.015910
0.090822
0.019765
0.068706
0.041837
0.008087
0.012509
0.128378
0.116104
0.045312
0.000804
0.000846
0.138821
0.080137
0.059845
0.015026
0.119671
0.003794
0.058243
0.058269
0.023127
0.083755
0.010509
0.163802
0.135076
0.020704
0.020007
0.079211
0.021008
0.044402
0.058739
0.145241
0.070118
0.016138
0.021791
0.003900
0.081564
0.093118
0.012618
0.031934
0.021243
0.016621
0.001485
0.045158
0.150275
0.009380
0.070160
0.074145
0.038336
0.094211
0.027522
0.048535
0.003522
0.008286
0.044219
0.092328
0.032137
0.135598
0.034037
0.026393
0.076536
0.126692
0.115626
0.053869
0.012100
0.018466
0.040767
0.001843
0.017748
0.077550
0.014457
0.052234
0.018111
0.007157
0.020283
0.019369
0.016279
0.018596
0.125421
0.042754
0.034380
0.015338
0.017109
0.080302
0.020325
0.008069
0.024491
0.055944
0.141288
0.089480
0.034148
0.009226
0.108609
0.002019
0.043714
0.177941
0.019061
0.037002
0.018226
0.026852
0.005760
0.048064
0.060435
0.006919
0.000523
0.013816
0.021873
0.028507
0.062304
0.036732
0.001661
0.000961
0.029311
0.009224
0.082566
0.068516
0.081521
0.047967
0.011752
0.078537
0.017075
0.009014
0.001984
0.024746
0.155035
0.057628
0.053938
0.023902
0.028649
0.120184
0.341913
0.020295
0.044321
0.033367
0.011356
0.035806
0.004657
0.079521
0.025929
0.053111
0.075770
0.013423
0.147520
0.216928
0.033211
0.003748
0.051014
0.056740
0.012306
0.075244
0.016558
0.015060
0.004458
0.048245
0.070529
0.059258
0.018226
0.017641
0.002771
0.009652
0.014680
0.011710
0.002153
0.025479
0.000499
0.034986
0.000137
0.024036
0.005091
0.008834
0.059671
0.003770
0.075804
0.057039
0.051196
0.037834
0.064038
0.012443
0.026056
0.000901
0.000212
0.026867
0.047970
0.168316
0.091288
0.002743
0.124676
0.025192
0.026756
0.008669
0.004802
0.030068
0.039308
0.095587
0.054622
0.010648
0.045296
0.085959
0.014212
0.017298
0.014905
0.179038
0.007957
0.050045
0.022445
0.064519
0.034685
0.012354
0.098193
0.038512
0.001110
0.012333
0.009240
0.019435
0.008885
0.051816
0.046888
0.024542
0.014888
0.050423
0.023542
0.073046
0.099737
0.063575
0.139946
0.017931
0.095236
0.026019
0.097569
0.048040
0.016885
0.016444
0.097251
0.033016
0.008283
0.043386
0.007628
0.003157
0.015070
0.074589
0.011671
0.099562
0.002055
0.020557
0.000214
0.058232
0.047745
0.076718
0.084533
0.119179
0.027551
0.022835
0.046897
0.033272
0.010757
0.028331
0.024844
0.109868
0.004218
0.064882
0.061208
0.122651
0.042017
0.061092
0.006568
0.103429
0.002667
0.046829
0.005978
0.013016
0.058170
0.024198
0.057939
0.012430
0.005038
0.021299
0.035235
0.082980
0.100639
0.023774
0.142950
0.041420
0.010181
0.035023
0.056951
0.071982
0.006363
0.179732
0.040709
0.000246
0.016806
0.089247
0.002798
0.018684
0.056726
0.006816
0.063281
0.044510
0.015628
0.083131
0.003788
0.010742
0.072281
0.046069
0.012205
0.024927
0.094292
0.009505
0.003331
0.034508
0.011402
0.057371
0.014020
0.010492
0.047569
0.160456
0.039739
0.169402
0.238920
0.069630
0.042675
0.023274
0.004108
0.037568
0.009879
0.041845
0.028418
0.040688
0.042866
0.041052
0.131232
0.040361
0.006252
0.107882
0.067657
0.022922
0.029328
0.041304
0.024859
0.055381
0.313533
0.002687
0.124763
0.230479
0.099382
0.031122
0.054421
0.031430
0.023358
0.008494
0.011218
0.032431
0.016576
0.011663
0.046956
0.016611
0.089282
0.004610
0.012872
0.027619
0.012052
0.090697
0.033883
0.003183
0.011408
0.059971
0.018480
0.017791
0.011834
0.000628
0.071002
0.019695
0.013985
0.005561
0.035199
0.067118
0.146946
0.134888
0.000870
0.034256
0.033208
0.039840
0.027801
0.131257
0.045062
0.028629
0.164514
0.036479
0.000408
0.049314
0.167747
0.052943
0.011140
0.091090
0.001821
0.093888
0.007244
0.092001
0.009830
0.007912
0.014493
0.035056
0.058925
0.035916
0.003680
0.146957
0.091184
0.022835
0.001919
0.026327
0.164949
0.153836
0.009247
0.010976
0.188250
0.020668
0.059543
0.132216
0.087381
0.081567
0.047423
0.082449
0.013409
0.117234
0.011979
0.006577
0.073411
0.237854
0.071150
0.048796
0.004660
0.037573
0.009833
0.038908
0.026361
0.007557
0.039265
0.078382
0.062726
0.007552
0.137707
0.134398
0.022213
0.190358
0.010567
0.025564
0.091930
0.004492
0.025071
0.000493
0.011886
0.022007
0.089795
0.049083
0.004984
0.079610
0.071145
0.018314
0.009515
0.066376
0.138686
0.012375
0.020022
0.020204
0.170512
0.002615
0.000938
0.010042
0.031033
0.168881
0.001871
0.079884
0.037266
0.110463
0.166072
0.063277
0.014378
0.120621
0.000597
0.220915
0.026663
0.015734
0.107284
0.034504
0.024367
0.018210
0.027169
0.014264
0.036485
0.028633
0.015325
0.000292
0.008217
0.075965
0.061654
0.128668
0.008076
0.130528
0.109135
0.021545
0.154503
0.206191
0.093418
0.040700
0.102423
0.008382
0.007121
0.007474
0.059331
0.161123
0.010803
0.007358
0.108314
0.105256
0.006802
0.001700
0.016303
0.015942
0.000372
0.007854
0.090136
0.003294
0.030458
0.063028
0.062602
0.018511
0.007175
0.027764
0.022315
0.029703
0.017292
0.032236
0.183221
0.000401
0.013064
0.094550
0.034605
0.076605
0.004123
0.229767
0.000126
0.077140
0.014082
0.062189
0.081664
0.066306
0.154848
0.012583
0.095572
0.048074
0.010126
0.012307
0.004747
0.116402
0.020052
0.021302
0.006505
0.081250
0.040622
0.011451
0.079293
0.038437
0.078673
0.061184
0.028225
0.022032
0.111662
0.009989
0.005359
0.097846
0.058144
0.130035
0.047164
0.361034
0.028229
0.003276
0.054825
0.014497
0.024883
0.022973
0.019754
0.036348
0.045644
0.003666
0.111858
0.021358
0.066829
0.021277
0.006356
0.019971
0.012762
0.018130
0.055156
0.056742
0.010629
0.061091
0.047860
0.008855
0.043382
0.002932
0.054031
0.015444
0.044505
0.138806
0.061265
0.040845
0.042184
0.014238
0.031605
0.002806
0.033947
0.172397
0.034963
0.068158
0.116507
0.041727
0.006954
0.230860
0.035556
0.027930
0.003235
0.064229
0.093832
0.037974
0.010235
0.061255
0.010507
0.021315
0.013645
0.037423
0.052443
0.040860
0.009029
0.013376
0.012400
0.035711
0.165777
0.053303
0.098098
0.004729
0.001251
0.039329
0.013042
0.020217
0.065648
0.004923
0.105367
0.026604
0.045047
0.002169
0.003208
0.055933
0.001928
0.050624
0.018654
0.017850
0.155639
0.099430
0.018322
0.024302
0.017453
0.006386
0.153315
0.052614
0.062672
0.027581
0.011695
0.049820
0.014094
0.122355
0.144988
0.172051
0.012094
0.017554
0.099161
0.031283
0.040855
0.062568
0.011813
0.031073
0.004361
0.001567
0.172677
0.064020
0.048627
0.011461
0.017497
0.126050
0.254916
0.051437
0.128486
0.025102
0.092826
0.065091
0.012509
0.127359
0.000710
0.015624
0.034010
0.139089
0.021697
0.005795
0.064098
0.055435
0.006386
0.058417
0.024556
0.027331
0.141224
0.089287
0.189116
0.060551
0.024430
0.023384
0.007641
0.003520
0.035846
0.008703
0.043632
0.011921
0.034933
0.114169
0.031305
0.129242
0.017902
0.007237
0.061433
0.028432
0.055229
0.043221
0.028611
0.022572
0.012286
0.237409
0.011365
0.030914
0.111462
0.084721
0.202747
0.048832
0.016742
0.101262
0.003405
0.142665
0.029686
0.057283
0.112246
0.036582
0.085851
0.091212
0.035569
0.121056
0.014268
0.008540
0.061566
0.086913
0.026532
0.001534
0.028044
0.012768
0.003731
0.009031
0.046092
0.023861
0.079659
0.012416
0.046294
0.015622
0.016691
0.008115
0.067747
0.016542
0.055520
0.058317
0.040390
0.054258
0.057269
0.005122
0.074044
0.036529
0.084242
0.005878
0.002962
0.052002
0.018354
0.209910
0.018282
0.029999
0.021091
0.040917
0.011952
0.161397
0.015999
0.125971
0.209514
0.020642
0.084865
0.113374
0.001814
0.176691
0.024201
0.020696
0.081328
0.009161
0.001385
0.172392
0.000890
0.050788
0.042071
0.027267
0.087485
0.084717
0.001230
0.048130
0.097778
0.024642
0.006648
0.042692
0.000831
0.024201
0.034586
0.012090
0.044028
0.087924
0.031937
0.039077
0.010493
0.000421
0.031923
0.014421
0.049888
0.005301
0.030122
0.036318
0.076561
0.002672
0.110011
0.008356
0.125213
0.083510
0.110496
0.129836
0.004320
0.022452
0.044880
0.020115
0.053979
0.102129
0.011377
0.019112
0.102477
0.020054
0.004256
0.068702
0.017352
0.043777
0.003404
0.041625
0.084085
0.029399
0.022634
0.073409
0.037236
0.032214
0.009579
0.056792
0.088299
0.000017
0.018443
0.052722
0.008127
0.097756
0.007215
0.013979
0.030573
0.007427
0.118000
0.035306
0.024680
0.047167
0.068797
0.039289
0.051964
0.057205
0.028649
0.016434
0.006698
0.054341
0.023742
0.153296
0.016034
0.076305
0.029004
0.008429
0.024741
0.049399
0.055945
0.021348
0.012804
0.008487
0.044917
0.056949
0.115661
0.033640
0.020083
0.080154
0.050410
0.064581
0.003332
0.086673
0.024994
0.055535
0.003797
0.000011
0.001526
0.003901
0.004568
0.098759
0.039746
0.003173
0.336916
0.028171
0.057277
0.054284
0.021958
0.087346
0.170528
0.026362
0.021874
0.027474
0.089104
0.034875
0.005355
0.000516
0.054101
0.008021
0.072781
0.045780
0.011856
0.003530
0.055386
0.008731
0.197639
0.036050
0.019805
0.081522
0.048074
0.053743
0.077779
0.030106
0.002243
0.008681
0.237041
0.048903
0.001205
0.008005
0.005640
0.014820
0.053094
0.131049
0.042402
0.034564
0.127622
0.007015
0.114487
0.051476
0.013457
0.072989
0.009614
0.044818
0.030820
0.005682
0.138380
0.010882
0.022754
0.050641
0.015744
0.004977
0.017859
0.023643
0.082229
0.039377
0.127714
0.007502
0.087720
0.212758
0.204233
0.017789
0.005293
0.072205
0.028995
0.051083
0.005145
0.166314
0.025156
0.168404
0.000386
0.017398
0.031682
0.023026
0.011743
0.196331
0.039718
0.138036
0.036592
0.077135
0.051339
0.007413
0.059910
0.068842
0.063089
0.033798
0.002493
0.088632
0.173018
0.003453
0.002177
0.028276
0.066773
0.029835
0.085262
0.106076
0.045261
0.047895
0.051638
0.023189
0.011382
0.120582
0.015024
0.087593
0.036500
0.067236
0.077431
0.107331
0.091113
0.019845
0.089890
0.101689
0.051352
0.011062
0.210271
0.080200
0.024242
0.018049
0.084265
0.053889
0.023454
0.118678
0.230124
0.056745
0.089050
0.045393
0.018189
0.080114
0.060239
0.106423
0.021380
0.139588
0.059345
0.069408
0.092411
0.030360
0.091358
0.110817
0.176874
0.045740
0.003186
0.013814
0.010987
0.007573
0.023791
0.044295
0.228614
0.004293
0.157657
0.039591
0.080733
0.087993
0.021819
0.060663
0.068124
0.019952
0.129273
0.106830
0.000553
0.096399
0.024457
0.157809
0.003012
0.092521
0.035831
0.016180
0.033830
0.089864
0.027959
0.030413
0.107695
0.091812
0.012435
0.035820
0.025621
0.010651
0.011245
0.005928
0.009151
0.027381
0.014578
0.064587
0.004870
0.013704
0.163096
0.042265
0.010161
0.086077
0.000853
0.018213
0.007456
0.026509
0.031473
0.123932
0.034216
0.114737
0.158528
0.002286
0.005603
0.083163
0.017415
0.031122
0.053182
0.027866
0.100782
0.001351
0.015224
0.003193
0.015013
0.213430
0.001456
0.039247
0.012314
0.067594
0.008951
0.068088
0.036655
0.164596
0.004132
0.037066
0.120606
0.036800
0.027738
0.128554
0.088258
0.076090
0.026064
0.019855
0.016564
0.181940
0.004042
0.007258
0.050051
0.107460
0.193100
0.046931
0.098415
0.022608
0.036221
0.073226
0.009606
0.060587
0.027638
0.002327
0.022008
0.067532
0.080372
0.057709
0.064246
0.023102
0.018559
0.025425
0.028838
0.019739
0.108354
0.060291
0.008215
0.007124
0.032484
0.050667
0.059197
0.027859
0.043092
0.046474
0.017419
0.081839
0.021130
0.007043
0.007831
0.052248
0.032152
0.093207
0.104732
0.013243
0.075720
0.057385
0.041347
0.271305
0.009314
0.027236
0.026373
0.015721
0.047970
0.096772
0.032678
0.004224
0.015238
0.063550
0.030752
0.002335
0.014591
0.037774
0.019431
0.011532
0.024004
0.005875
0.108954
0.019383
0.031651
0.036799
0.029810
0.127362
0.008386
0.034060
0.008473
0.003137
0.060956
0.020355
0.067400
0.033479
0.001882
0.004195
0.001352
0.042845
0.025938
0.017240
0.017851
0.028268
0.100112
0.111093
0.086844
0.068497
0.006415
0.023243
0.086198
0.011361
0.064602
0.005755
0.084343
0.014941
0.014921
0.167116
0.005850
0.115014
0.017471
0.016400
0.007799
0.002968
0.023809
0.029387
0.018774
0.000347
0.110858
0.092411
0.049600
0.007332
0.008124
0.033200
0.009427
0.016528
0.012375
0.073368
0.055173
0.011626
0.147890
0.046300
0.078793
0.055608
0.031130
0.031718
0.027862
0.003535
0.142625
0.021119
0.002857
0.005489
0.024189
0.062737
0.034645
0.020090
0.118259
0.003547
0.015620
0.107648
0.031610
0.031319
0.004175
0.045434
0.065136
0.091146
0.006021
0.042355
0.084620
0.111340
0.004890
0.007806
0.118160
0.024087
0.027558
0.066055
0.012311
0.007927
0.041026
0.048045
0.136758
0.005347
0.051838
0.006640
0.043734
0.051568
0.026958
0.025088
0.026709
0.086465
0.094732
0.029993
0.068155
0.028622
0.029047
0.048717
0.046856
0.030553
0.032515
0.098934
0.020177
0.049302
0.007606
0.190169
0.002225
0.075801
0.009105
0.053790
0.000226
0.019794
0.002103
0.027398
0.048257
0.000873
0.039865
0.025686
0.102984
0.025143
0.001394
0.013732
0.103940
0.033284
0.024758
0.018836
0.017016
0.007496
0.041747
0.007539
0.007618
0.007878
0.013521
0.112287
0.011056
0.001557
0.149592
0.033636
0.175301
0.077469
0.031715
0.027939
0.000025
0.027240
0.013628
0.023822
0.097682
0.048245
0.142653
0.073202
0.095933
0.005756
0.036000
0.086448
0.075020
0.085506
0.027972
0.006918
0.036812
0.041932
0.071851
0.022896
0.113870
0.104662
0.068996
0.068255
0.228812
0.004778
0.021528
0.029161
0.027398
0.056391
0.028916
0.023630
0.001430
0.002455
0.033469
0.019476
0.013134
0.000988
0.004010
0.009897
0.032231
0.013140
0.030779
0.067579
0.003929
0.049490
0.070654
0.117491
0.256381
0.010344
0.002224
0.052303
0.039238
0.118083
0.045231
0.086364
0.000556
0.031757
0.011060
0.010015
0.003740
0.145621
0.024847
0.079733
0.074359
0.082520
0.018005
0.073009
0.030310
0.136349
0.057065
0.114052
0.153297
0.022110
0.022064
0.000143
0.089395
0.048064
0.008982
0.048699
0.143131
0.129960
0.235474
0.020542
0.014423
0.000160
0.007740
0.014871
0.049285
0.000315
0.132446
0.052233
0.097429
0.016741
0.037062
0.122650
0.005814
0.004060
0.008104
0.011345
0.009812
0.001586
0.008531
0.028989
0.019328
0.029589
0.034855
0.061437
0.043213
0.176758
0.144841
0.114515
0.036897
0.013936
0.030092
0.033827
0.036074
0.140410
0.055496
0.137481
0.008178
0.051073
0.015402
0.000920
0.000214
0.023161
0.010172
0.019820
0.002163
0.001495
0.014230
0.064582
0.032911
0.064001
0.123702
0.034590
0.044240
0.011130
0.021640
0.069013
0.077093
0.007800
0.010776
0.030966
0.029725
0.047636
0.100606
0.014169
0.004997
0.004614
0.018715
0.023085
0.006508
0.089115
0.022343
0.014342
0.016674
0.107526
0.049590
0.082882
0.006651
0.009160
0.026091
0.031174
0.007342
0.010966
0.004135
0.003774
0.008358
0.013979
0.017938
0.046037
0.337802
0.042602
0.032597
0.024416
0.005750
0.053928
0.030283
0.053819
0.025101
0.011934
0.020285
0.008143
0.015629
0.152232
0.010900
0.045560
0.130074
0.025744
0.019426
0.005683
0.007112
0.131689
0.031780
0.019619
0.002206
0.061787
0.007202
0.034552
0.070233
0.081106
0.097864
0.014883
0.008483
0.006327
0.019121
0.020901
0.010935
0.006479
0.026859
0.027277
0.007138
0.085826
0.004652
0.024602
0.024381
0.025036
0.048168
0.036310
0.046091
0.065872
0.004894
0.168270
0.037043
0.070191
0.011129
0.032025
0.073836
0.019109
0.040754
0.102961
0.037584
0.037121
0.060051
0.127294
0.015090
0.183180
0.067449
0.024979
0.009347
0.015027
0.026108
0.061262
0.025876
0.002758
0.004257
0.140120
0.004143
0.116560
0.122581
0.047189
0.053863
0.096069
0.090369
0.062411
0.070111
0.127865
0.013826
0.026371
0.069810
0.057532
0.025632
0.295734
0.002376
0.010410
0.007985
0.020701
0.139406
0.237948
0.073690
0.027292
0.132455
0.020208
0.038506
0.063167
0.021482
0.061439
0.123966
0.021575
0.074437
0.003699
0.119032
0.031556
0.022070
0.158840
0.004848
0.036226
0.154730
0.023697
0.015249
0.030607
0.054651
0.015304
0.143995
0.123575
0.076703
0.037499
0.027560
0.013487
0.021630
0.031344
0.020129
0.036654
0.000582
0.082122
0.071166
0.077268
0.005211
0.015917
0.012679
0.041609
0.164344
0.022144
0.090014
0.001987
0.055572
0.024611
0.021796
0.054196
0.093080
0.135538
0.026279
0.035576
0.030650
0.002737
0.040696
0.067852
0.126049
0.011943
0.040733
0.079370
0.011159
0.016351
0.026990
0.057009
0.094132
0.017291
0.046431
0.162994
0.151386
0.087282
0.026632
0.060244
0.032850
0.036146
0.022243
0.244188
0.069363
0.039227
0.001588
0.019521
0.098371
0.004757
0.107892
0.029106
0.004473
0.031832
0.078886
0.002563
0.034079
0.058473
0.028642
0.017436
0.046738
0.039286
0.006333
0.111555
0.096246
0.038179
0.126119
0.048045
0.001703
0.142145
0.054924
0.008215
0.001103
0.069693
0.023972
0.007107
0.055465
0.040494
0.087310
0.046088
0.029931
0.019865
0.239968
0.151279
0.003310
0.238007
0.071437
0.014529
0.076446
0.052450
0.049496
0.102631
0.017981
0.084844
0.041845
0.023738
0.179140
0.003933
0.044298
0.092506
0.003231
0.098222
0.037423
0.040283
0.018629
0.073010
0.007759
0.033198
0.022913
0.039666
0.011557
0.039045
0.000712
0.049096
0.044477
0.007775
0.019002
0.029125
0.090037
0.239144
0.044802
0.076734
0.023126
0.117024
0.146609
0.249499
0.048102
0.004380
0.012150
0.012607
0.047031
0.021344
0.028396
0.072463
0.005052
0.001484
0.013292
0.051944
0.013725
0.131586
0.037644
0.039816
0.035678
0.003175
0.050696
0.044147
0.061807
0.020309
0.109763
0.027559
0.073324
0.000074
0.043520
0.132837
0.009838
0.000099
0.000846
0.022776
0.086684
0.012318
0.053777
0.080686
0.013951
0.111205
0.044177
0.026837
0.023861
0.009382
0.089905
0.084982
0.011647
0.002956
0.007970
0.024965
0.022340
0.138061
0.072207
0.009234
0.111596
0.162040
0.160149
0.034636
0.051797
0.118834
0.010091
0.300271
0.016981
0.021520
0.013877
0.060973
0.065743
0.012989
0.012279
0.262349
0.082076
0.015655
0.083677
0.060750
0.028128
0.141379
0.066756
0.016422
0.121227
0.022293
0.076383
0.033682
0.026458
0.011277
0.036030
0.037715
0.018958
0.013234
0.038800
0.027529
0.039262
0.071660
0.133152
0.035932
0.045932
0.004970
0.011322
0.024773
0.039393
0.011850
0.037279
0.068425
0.062936
0.095980
0.046230
0.069788
0.051095
0.005557
0.050529
0.056653
0.017404
0.079384
0.022906
0.096745
0.104935
0.027382
0.079361
0.014146
0.010556
0.096563
0.004467
0.057319
0.067495
0.033901
0.014783
0.001708
0.025040
0.025669
0.031207
0.011428
0.016802
0.013222
0.007716
0.020531
0.103629
0.103133
0.038862
0.056492
0.047173
0.043614
0.030021
0.056020
0.023427
0.018787
0.012894
0.025072
0.068230
0.001946
0.075264
0.080279
0.057169
0.053863
0.007330
0.021662
0.007766
0.034723
0.029620
0.025466
0.205915
0.026953
0.100508
0.019172
0.011587
0.024414
0.025536
0.035695
0.004725
0.050733
0.170579
0.005972
0.083624
0.023906
0.005926
0.073762
0.173031
0.064680
0.080655
0.093022
0.085759
0.031443
0.032980
0.004269
0.070150
0.118373
0.154032
0.147644
0.030768
0.070377
0.024203
0.094730
0.010461
0.003165
0.010951
0.016448
0.009841
0.034400
0.067924
0.037505
0.123307
0.008435
0.000510
0.018379
0.059210
0.010196
0.001212
0.017083
0.113755
0.016785
0.009361
0.017717
0.035527
0.079170
0.055023
0.100411
0.029760
0.011878
0.010807
0.002676
0.046555
0.019855
0.022037
0.024154
0.002257
0.025157
0.008554
0.008363
0.112996
0.009971
0.059090
0.030905
0.021145
0.176397
0.036226
0.127284
0.012275
0.039231
0.013817
0.080600
0.003266
0.013715
0.146199
0.038290
0.031158
0.020357
0.188341
0.180396
0.033847
0.033462
0.007118
0.027675
0.010356
0.041123
0.023720
0.103476
0.055799
0.081261
0.059847
0.013947
0.033096
0.020782
0.029453
0.004101
0.098228
0.169034
0.142860
0.008554
0.002720
0.031980
0.096203
0.047044
0.051567
0.002174
0.001769
0.136625
0.032440
0.030685
0.031464
0.028046
0.026026
0.005476
0.016766
0.013077
0.005574
0.028062
0.054586
0.118263
0.070198
0.079606
0.018307
0.049852
0.007473
0.018767
0.018654
0.044216
0.212949
0.001813
0.010949
0.031233
0.064285
0.091779
0.012596
0.000169
0.136248
0.005877
0.027798
0.014539
0.007542
0.060195
0.035133
0.023474
0.021033
0.118475
0.100193
0.002693
0.091751
0.008923
0.013033
0.032715
0.048625
0.039474
0.005797
0.195935
0.071546
0.047448
0.180723
0.304345
0.044481
0.028567
0.051004
0.067592
0.001576
0.060072
0.032627
0.045779
0.007104
0.002278
0.038613
0.017946
0.082281
0.174357
0.042443
0.127281
0.014863
0.021439
0.020257
0.022742
0.001725
0.027863
0.034317
0.180873
0.023212
0.014590
0.164514
0.070530
0.003418
0.015029
0.017313
0.074230
0.017377
0.128356
0.061316
0.100774
0.093862
0.055902
0.037796
0.120174
0.011101
0.042398
0.037000
0.016841
0.040517
0.012799
0.053342
0.007851
0.063471
0.049866
0.161439
0.050152
0.061783
0.046544
0.075247
0.054973
0.167470
0.108032
0.072288
0.002600
0.003978
0.076671
0.115263
0.010393
0.091286
0.000246
0.027747
0.014111
0.117693
0.005971
0.023444
0.092766
0.045922
0.096421
0.037049
0.004935
0.019162
0.049996
0.031526
0.271474
0.041241
0.028371
0.045979
0.023580
0.021096
0.017352
0.025406
0.160921
0.023040
0.092315
0.026184
0.027961
0.127810
0.058689
0.020069
0.007601
0.122490
0.018810
0.073885
0.108169
0.023311
0.022514
0.004174
0.069691
0.007065
0.051808
0.001846
0.007629
0.066004
0.015361
0.002070
0.006828
0.013717
0.205513
0.011837
0.008566
0.011101
0.023298
0.018638
0.045020
0.030822
0.042679
0.066142
0.049302
0.001607
0.007593
0.053903
0.035971
0.011948
0.114300
0.046160
0.037161
0.036038
0.123090
0.061843
0.065915
0.058950
0.040932
0.031328
0.043327
0.117441
0.041620
0.005621
0.017837
0.075678
0.013562
0.011507
0.009869
0.069802
0.069985
0.110264
0.050121
0.087639
0.013141
0.051381
0.033455
0.058572
0.118274
0.008322
0.169129
0.049485
0.006200
0.029433
0.055645
0.157087
0.081873
0.050734
0.073705
0.014333
0.114166
0.009523
0.046943
0.003533
0.097773
0.004524
0.089097
0.059682
0.036707
0.017976
0.056029
0.039332
0.050847
0.018947
0.007969
0.034658
0.060202
0.009477
0.074618
0.047863
0.000034
0.003581
0.038800
0.127236
0.002461
0.100510
0.052190
0.038160
0.030773
0.041832
0.189711
0.000891
0.021995
0.004189
0.003327
0.009747
0.042612
0.043024
0.010762
0.055392
0.144099
0.033329
0.021377
0.097531
0.120766
0.033740
0.005434
0.099717
0.038860
0.009729
0.122572
0.005119
0.017831
0.115561
0.048486
0.042367
0.038549
0.042885
0.043489
0.028969
0.070716
0.028920
0.076963
0.038037
0.044510
0.018115
0.015706
0.090995
0.087928
0.221523
0.001725
0.101687
0.063054
0.033630
0.143723
0.085831
0.065517
0.063154
0.054895
0.155494
0.043120
0.028614
0.013984
0.038884
0.003786
0.056073
0.014638
0.057280
0.073037
0.020692
0.124557
0.024017
0.007047
0.177820
0.019582
0.026113
0.004237
0.043646
0.184747
0.028500
0.025049
0.042295
0.073687
0.047942
0.070731
0.007152
0.094041
0.279438
0.000904
0.051485
0.002756
0.029060
0.021229
0.085425
0.019770
0.081176
0.059948
0.162028
0.064687
0.048717
0.012056
0.011165
0.024653
0.074293
0.061634
0.016354
0.008811
0.055429
0.072745
0.046799
0.003646
0.048158
0.042293
0.039298
0.013966
0.034623
0.029886
0.039369
0.005985
0.176403
0.019631
0.062702
0.023689
0.012693
0.005037
0.029958
0.005936
0.072386
0.240378
0.014502
0.036102
0.018007
0.001003
0.046375
0.057179
0.024253
0.028217
0.034815
0.029778
0.032292
0.014820
0.067033
0.077267
0.043022
0.003517
0.006520
0.024245
0.006305
0.015559
0.095594
0.004828
0.021094
0.024882
0.056173
0.138223
0.068592
0.051717
0.051269
0.025553
0.015152
0.056246
0.024338
0.000785
0.056456
0.038554
0.003804
0.025885
0.005674
0.073841
0.121100
0.155445
0.030984
0.025896
0.026062
0.001302
0.016476
0.074857
0.033314
0.027102
0.075005
0.009686
0.010477
0.023602
0.016694
0.133593
0.153188
0.039680
0.026655
0.007901
0.203677
0.017627
0.052503
0.043993
0.001593
0.037060
0.017403
0.033430
0.138371
0.067407
0.075346
0.069787
0.024169
0.060625
0.033967
0.084250
0.076137
0.027233
0.017476
0.106508
0.021311
0.020949
0.014039
0.143756
0.090540
0.004953
0.008394
0.018987
0.044878
0.392725
0.032125
0.024308
0.039263
0.013363
0.037264
0.039934
0.124364
0.026994
0.024368
0.160250
0.000424
0.096538
0.042371
0.041315
0.019009
0.078943
0.107325
0.102732
0.049622
0.012325
0.028735
0.009718
0.041938
0.063934
0.017682
0.112925
0.031981
0.073282
0.037420
0.107284
0.098748
0.051067
0.013715
0.003656
0.097094
0.019682
0.053262
0.047086
0.012393
0.074351
0.008805
0.086381
0.002924
0.022050
0.100517
0.048140
0.018155
0.002117
0.029592
0.204549
0.068617
0.009532
0.041078
0.082763
0.057073
0.034496
0.064215
0.018326
0.008619
0.055088
0.037803
0.065262
0.085997
0.070893
0.028041
0.013870
0.190734
0.022573
0.137957
0.021722
0.062423
0.022827
0.056424
0.054334
0.057996
0.002197
0.042154
0.127494
0.036530
0.024313
0.005046
0.000112
0.000114
0.009865
0.005775
0.023352
0.035875
0.025599
0.028796
0.046663
0.036231
0.015900
0.032620
0.010055
0.053735
0.245238
0.052255
0.004044
0.138056
0.008793
0.012707
0.016922
0.095762
0.117951
0.002525
0.046127
0.000317
0.059463
0.000630
0.121688
0.029190
0.010639
0.023597
0.008084
0.020721
0.048127
0.005725
0.083469
0.047846
0.020721
0.027453
0.064024
0.009041
0.034756
0.031584
0.106613
0.004304
0.012105
0.045891
0.007553
0.014293
0.013690
0.097921
0.022398
0.036925
0.042411
0.011024
0.001636
0.005197
0.026472
0.098472
0.083604
0.035194
0.013051
0.002895
0.009255
0.078678
0.054656
0.028231
0.038700
0.015660
0.069475
0.114267
0.077442
0.038558
0.017492
0.013511
0.039426
0.020001
0.040626
0.067325
0.026657
0.039365
0.045669
0.119955
0.075169
0.038159
0.001454
0.032419
0.011449
0.005207
0.028987
0.049945
0.134170
0.034065
0.040105
0.070504
0.029667
0.056837
0.010692
0.070378
0.052727
0.050467
0.046413
0.104523
0.000378
0.083615
0.055089
0.024422
0.081713
0.035177
0.016006
0.041724
0.073018
0.040934
0.030095
0.023930
0.025110
0.002838
0.003118
0.021827
0.064946
0.030780
0.031760
0.001923
0.182583
0.010605
0.019385
0.122207
0.017798
0.138468
0.065900
0.014305
0.060495
0.008547
0.110199
0.044401
0.057631
0.103198
0.023464
0.005664
0.058532
0.027656
0.027583
0.084778
0.012646
0.009727
0.045259
0.048494
0.031467
0.005408
0.025634
0.100734
0.070046
0.010623
0.056975
0.042595
0.141783
0.022129
0.045213
0.038774
0.083552
0.044562
0.013549
0.024335
0.047527
0.015511
0.008844
0.161462
0.076632
0.011914
0.021144
0.009923
0.283242
0.017178
0.006127
0.090383
0.052135
0.000747
0.016991
0.007881
0.043327
0.046825
0.039712
0.006565
0.053466
0.011283
0.048933
0.079319
0.063148
0.046356
0.009698
0.053663
0.010567
0.155705
0.110870
0.005870
0.043655
0.121860
0.015698
0.000131
0.050759
0.062974
0.104816
0.018067
0.038741
0.025899
0.019067
0.007240
0.106454
0.046697
0.008698
0.030916
0.024199
0.004906
0.029198
0.006493
0.010351
0.142983
0.098506
0.083792
0.067885
0.017733
0.022089
0.060211
0.055494
0.092252
0.069961
0.038763
0.051567
0.086596
0.028204
0.015190
0.038202
0.119565
0.049753
0.013508
0.054638
0.080699
0.054248
0.077539
0.002676
0.070984
0.143650
0.098565
0.060895
0.003017
0.054505
0.002959
0.238891
0.001868
0.021864
0.095683
0.009259
0.009956
0.010383
0.083612
0.051734
0.002217
0.047368
0.047492
0.049374
0.104246
0.056869
0.034073
0.049345
0.038955
0.013710
0.178284
0.013750
0.005710
0.019655
0.009717
0.117702
0.036218
0.024425
0.021842
0.123936
0.020892
0.028795
0.032071
0.064344
0.008937
0.003147
0.060648
0.019932
0.042050
0.001579
0.008358
0.010940
0.087773
0.047055
0.031505
0.012831
0.003074
0.047710
0.008982
0.030191
0.043624
0.111125
0.000051
0.002376
0.048428
0.003828
0.061093
0.025731
0.111021
0.078671
0.058314
0.085919
0.020711
0.005402
0.024636
0.019044
0.045634
0.011281
0.189044
0.249235
0.059819
0.051905
0.044810
0.018246
0.017354
0.035148
0.008769
0.009241
0.121178
0.041795
0.053610
0.058615
0.042226
0.028614
0.078772
0.161853
0.005049
0.028660
0.039851
0.036326
0.031002
0.067193
0.054869
0.082110
0.042504
0.010665
0.201645
0.061581
0.098900
0.019051
0.147713
0.006296
0.006311
0.002636
0.040538
0.021963
0.112822
0.005585
0.112627
0.002997
0.019854
0.028775
0.086154
0.030644
0.006775
0.037908
0.006016
0.045007
0.134212
0.004242
0.027963
0.035490
0.004481
0.021998
0.146370
0.009219
0.042880
0.034586
0.052351
0.089307
0.035444
0.072278
0.131037
0.069617
0.031483
0.011716
0.076574
0.010687
0.003209
0.016220
0.000693
0.029149
0.029755
0.054991
0.011686
0.107228
0.018027
0.004440
0.086327
0.037821
0.053850
0.009346
0.009210
0.011991
0.027387
0.014572
0.074306
0.008324
0.040745
0.138396
0.019897
0.071951
0.132830
0.074447
0.069250
0.013128
0.049999
0.002928
0.012792
0.056512
0.027800
0.000224
0.001717
0.057872
0.045997
0.081029
0.028951
0.066314
0.133971
0.007924
0.022644
0.096389
0.070878
0.041413
0.090077
0.189965
0.040869
0.016378
0.034868
0.017003
0.017364
0.037305
0.003195
0.002825
0.023129
0.006087
0.035066
0.016054
0.061913
0.002862
0.201091
0.020675
0.021438
0.073030
0.186077
0.033684
0.071465
0.003500
0.026236
0.031736
0.087899
0.026629
0.028499
0.030494
0.036012
0.004272
0.035433
0.023895
0.011212
0.048385
0.001913
0.007718
0.211389
0.021731
0.080653
0.177931
0.097066
0.079328
0.004925
0.096149
0.013787
0.254673
0.000894
0.055964
0.028509
0.015425
0.020837
0.063319
0.004345
0.068361
0.015647
0.027726
0.149181
0.320564
0.087979
0.089395
0.023213
0.048171
0.072242
0.013478
0.061930
0.009630
0.055178
0.159393
0.156085
0.094882
0.010727
0.049625
0.013127
0.026722
0.065826
0.007781
0.056087
0.031392
0.088903
0.045443
0.096553
0.145616
0.080770
0.062163
0.005273
0.010391
0.003250
0.042374
0.012227
0.019166
0.024809
0.009410
0.017274
0.016373
0.106733
0.012960
0.006357
0.148083
0.007675
0.132849
0.021663
0.045442
0.044804
0.116017
0.037111
0.004734
0.028466
0.020691
0.037282
0.038867
0.186675
0.036647
0.016814
0.036353
0.019481
0.008052
0.005280
0.054019
0.008230
0.012583
0.018013
0.027401
0.118251
0.015296
0.049476
0.048961
0.101127
0.051215
0.132446
0.029223
0.002905
0.041086
0.000013
0.142585
0.017684
0.034767
0.051516
0.005982
0.022538
0.022822
0.153657
0.008142
0.084846
0.055474
0.065146
0.082458
0.033560
0.160582
0.039658
0.021719
0.002864
0.006254
0.034354
0.057998
0.004896
0.003154
0.065777
0.003753
0.000562
0.045157
0.193017
0.047597
0.162701
0.013127
0.063247
0.040399
0.026033
0.043604
0.059392
0.008510
0.055920
0.092767
0.002880
0.001488
0.128523
0.054655
0.030071
0.001781
0.061009
0.079535
0.024102
0.052040
0.072761
0.001939
0.037191
0.010185
0.047533
0.016570
0.006320
0.042918
0.010209
0.044965
0.032552
0.071553
0.014665
0.103888
0.040490
0.084149
0.056583
0.007115
0.013101
0.020495
0.029018
0.021419
0.072672
0.062671
0.000568
0.127127
0.065893
0.042313
0.092050
0.000728
0.039551
0.069801
0.112839
0.017432
0.150796
0.049052
0.214569
0.040067
0.116739
0.043026
0.035068
0.098615
0.058737
0.040201
0.034609
0.031944
0.021126
0.026237
0.056823
0.005197
0.086229
0.082329
0.011555
0.060557
0.046200
0.044280
0.003074
0.253802
0.012514
0.103823
0.223305
0.078078
0.023645
0.002646
0.002623
0.071782
0.104138
0.106917
0.069407
0.016265
0.104340
0.043327
0.059894
0.005458
0.095321
0.021386
0.031444
0.065372
0.027183
0.061108
0.112932
0.137217
0.001339
0.069156
0.198709
0.100266
0.054944
0.010138
0.004219
0.045518
0.068586
0.047322
0.001333
0.010583
0.096122
0.003140
0.025416
0.015707
0.027384
0.126558
0.110161
0.030067
0.003605
0.011652
0.001560
0.026540
0.091363
0.028962
0.009796
0.010632
0.004870
0.059335
0.022467
0.127867
0.057025
0.037711
0.040782
0.000380
0.016359
0.022263
0.001418
0.236280
0.027694
0.023031
0.055827
0.085795
0.031071
0.062413
0.068079
0.005847
0.066144
0.071875
0.105124
0.011749
0.020961
0.028217
0.060943
0.074796
0.002986
0.004940
0.018636
0.148514
0.082170
0.022415
0.004340
0.018288
0.029209
0.008956
0.042467
0.038104
0.011066
0.169994
0.019867
0.045484
0.043703
0.026404
0.270797
0.053349
0.023756
0.042171
0.023797
0.016546
0.022043
0.090016
0.007545
0.038665
0.017695
0.098817
0.004978
0.033410
0.021556
0.025250
0.085624
0.053975
0.004437
0.177571
0.127659
0.003088
0.008405
0.043388
0.163368
0.010132
0.003570
0.025007
0.010735
0.024896
0.021936
0.044284
0.009563
0.026118
0.134955
0.013294
0.067506
0.023491
0.047294
0.000406
0.080237
0.059526
0.016960
0.072317
0.015572
0.126699
0.011523
0.071983
0.001983
0.073672
0.006100
0.056028
0.002639
0.052486
0.034439
0.033351
0.047887
0.012813
0.057117
0.026817
0.002707
0.193122
0.142066
0.002296
0.034978
0.052881
0.010589
0.049392
0.008795
0.012019
0.000954
0.049503
0.206503
0.025975
0.022934
0.020289
0.008202
0.019485
0.058374
0.049872
0.019562
0.030190
0.100584
0.008856
0.125201
0.064515
0.033416
0.131775
0.097847
0.010436
0.048646
0.026522
0.089089
0.005809
0.036342
0.002246
0.069510
0.012199
0.040178
0.060190
0.085334
0.027275
0.020387
0.120260
0.122477
0.025671
0.111735
0.122132
0.015681
0.096288
0.000658
0.029574
0.002734
0.041831
0.079049
0.059286
0.040072
0.001662
0.009219
0.152468
0.054144
0.030896
0.000580
0.039775
0.092378
0.012797
0.037940
0.035690
0.051604
0.044832
0.088117
0.174057
0.060818
0.062074
0.033390
0.020311
0.063971
0.011957
0.014001
0.053258
0.111878
0.009029
0.017912
0.004100
0.011680
0.136683
0.003915
0.069897
0.074661
0.014919
0.022405
0.007597
0.043942
0.013657
0.003879
0.037603
0.009547
0.003105
0.038871
0.002216
0.290623
0.040675
0.044069
0.032441
0.026914
0.044840
0.005967
0.062047
0.097782
0.035045
0.068510
0.070054
0.054284
0.014951
0.067441
0.016738
0.081353
0.017610
0.035618
0.035074
0.047450
0.005894
0.003363
0.116723
0.018689
0.205481
0.051308
0.023282
0.042945
0.061040
0.353852
0.101535
0.112117
0.374130
0.068285
0.035064
0.012739
0.102657
0.014590
0.026765
0.053299
0.009493
0.005989
0.063537
0.028792
0.064587
0.071102
0.201420
0.021456
0.006369
0.018861
0.169432
0.008976
0.066915
0.029749
0.079789
0.098319
0.034483
0.041459
0.019410
0.005150
0.005198
0.013963
0.013888
0.152010
0.002270
0.091133
0.003186
0.212821
0.057723
0.018175
0.048711
0.066514
0.088634
0.007899
0.127864
0.069247
0.126600
0.003669
0.137566
0.075558
0.009692
0.072739
0.061670
0.028626
0.056931
0.015288
0.008779
0.026003
0.095812
0.010244
0.013660
0.031248
0.047716
0.128890
0.047151
0.016548
0.019590
0.056487
0.129623
0.134936
0.042638
0.016555
0.093697
0.010857
0.113593
0.016561
0.007671
0.001302
0.028664
0.021548
0.063283
0.098857
0.027928
0.137545
0.266834
0.022184
0.009567
0.003549
0.015197
0.020450
0.238285
0.018203
0.008455
0.148350
0.045923
0.051906
0.083051
0.031325
0.075085
0.047490
0.004588
0.000413
0.073038
0.000813
0.074233
0.023047
0.122851
0.002260
0.002545
0.119734
0.011198
0.072888
0.010722
0.042523
0.011066
0.037909
0.065112
0.041924
0.098833
0.018858
0.039384
0.049310
0.127845
0.054107
0.001170
0.032545
0.000657
0.019269
0.116647
0.022231
0.026504
0.128349
0.060869
0.005769
0.216763
0.053583
0.105000
0.087339
0.252195
0.009101
0.003640
0.001058
0.035060
0.000012
0.070424
0.007239
0.078275
0.018113
0.032318
0.003173
0.008088
0.000045
0.045310
0.001888
0.006193
0.024596
0.168834
0.037123
0.043676
0.018384
0.000342
0.001137
0.037834
0.202462
0.050601
0.016309
0.022619
0.159449
0.011988
0.115753
0.028009
0.064025
0.034894
0.002529
0.006928
0.082711
0.048976
0.051611
0.138193
0.095559
0.025230
0.145346
0.034144
0.045646
0.008101
0.060227
0.014417
0.003104
0.038019
0.003720
0.138028
0.187294
0.069592
0.008545
0.033437
0.023453
0.109402
0.072061
0.017657
0.097518
0.009451
0.017973
0.001476
0.013931
0.067473
0.004014
0.017502
0.083503
0.005201
0.138414
0.012470
0.071914
0.022429
0.029863
0.019499
0.039473
0.029577
0.028491
0.037301
0.005940
0.045675
0.014811
0.031286
0.023816
0.005125
0.020306
0.049101
0.000527
0.009541
0.124699
0.028158
0.001513
0.065781
0.057861
0.045584
0.002024
0.354779
0.001362
0.052914
0.029991
0.092226
0.037747
0.030116
0.062584
0.004027
0.064732
0.121183
0.027847
0.033877
0.028070
0.024839
0.049313
0.042207
0.064130
0.051231
0.005387
0.072584
0.039458
0.008415
0.136688
0.012111
0.067927
0.021045
0.064977
0.050891
0.005442
0.045285
0.052005
0.033946
0.137487
0.001923
0.054042
0.005135
0.033953
0.008545
0.098720
0.021680
0.019560
0.010267
0.044658
0.012033
0.048866
0.038784
0.005754
0.008497
0.006453
0.002264
0.058130
0.036783
0.049757
0.043709
0.087594
0.057224
0.141860
0.056613
0.066739
0.040656
0.006121
0.040897
0.014192
0.027031
0.045820
0.009067
0.019890
0.079836
0.098604
0.070358
0.009334
0.022978
0.097240
0.096474
0.054094
0.116292
0.115120
0.078299
0.130700
0.027129
0.105816
0.008498
0.044117
0.049120
0.032806
0.015720
0.051424
0.035190
0.041943
0.070214
0.034800
0.032917
0.069921
0.102570
0.070473
0.092603
0.061761
0.201353
0.014346
0.007469
0.009202
0.059738
0.004939
0.002935
0.118944
0.041164
0.002836
0.034466
0.031206
0.001224
0.033903
0.016658
0.065578
0.032575
0.092252
0.018603
0.049848
0.095867
0.144398
0.013406
0.250955
0.003576
0.171254
0.063354
0.017068
0.079245
0.005339
0.072285
0.007358
0.022154
0.008679
0.067813
0.185921
0.005533
0.296345
0.010952
0.013424
0.050247
0.002106
0.020202
0.104441
0.023691
0.022707
0.047185
0.061297
0.070662
0.031532
0.057387
0.020197
0.075526
0.000965
0.035695
0.006898
